-7.499730000000000008e-01 1.073663000000000034e+00
-1.266839000000000048e+00 4.378830000000000222e-01
1.196140999999999899e+00 -1.703409999999999924e-01
1.047282999999999964e+00 -7.813489999999999602e-01
-3.419409999999999950e-01 1.367737999999999898e+00
-1.541365000000000096e+00 -1.011029999999999984e-01
5.360880000000000090e-01 -1.370227000000000084e+00
1.330395999999999912e+00 -8.874079999999999746e-01
-1.076786999999999939e+00 7.448519999999999586e-01
5.759940000000000060e-01 1.010529999999999928e+00
-6.167869999999999742e-01 -1.431950000000000056e+00
7.001699999999999591e-01 1.329269000000000034e+00
-1.397045000000000092e+00 -6.460010000000000474e-01
4.284789999999999988e-01 1.248938000000000104e+00
1.052464999999999984e+00 -6.410860000000000447e-01
-9.542150000000000354e-01 7.537310000000000398e-01
-1.055798999999999932e+00 -5.149989999999999846e-01
6.826349999999999918e-01 -1.072802000000000033e+00
-9.537689999999999779e-01 9.157210000000000072e-01
-1.347169999999999979e+00 -7.761219999999999786e-01
1.228960999999999970e+00 -6.894150000000000000e-01
-8.478320000000000300e-01 1.137219999999999898e+00
-1.425318000000000085e+00 1.899550000000000127e-01
-3.973220000000000085e-01 -1.098837999999999981e+00
-1.391361000000000070e+00 7.566110000000000335e-01
-1.504054000000000002e+00 5.007989999999999942e-01
-8.820810000000000040e-01 8.991299999999999848e-01
7.155030000000000001e-01 -1.329393999999999965e+00
7.091899999999999593e-02 1.608613000000000071e+00
1.781719999999999970e-01 1.595207000000000042e+00
-1.406037999999999899e+00 -3.765260000000000273e-01
1.615906000000000065e+00 -4.898299999999999876e-02
8.236010000000000275e-01 8.953510000000000080e-01
-3.334150000000000169e-01 -1.325129000000000001e+00
1.217092999999999980e+00 9.566820000000000324e-01
1.255033999999999983e+00 3.399889999999999857e-01
-1.257106999999999974e+00 -6.170830000000000481e-01
1.921779999999999877e-01 1.527547999999999906e+00
8.630839999999999623e-01 1.275273000000000101e+00
-1.355069999999999997e+00 4.684180000000000010e-01
8.322070000000000300e-01 1.062097999999999987e+00
1.455600000000000005e+00 -5.170770000000000088e-01
6.979990000000000361e-01 1.172916000000000070e+00
-1.004613999999999896e+00 8.756239999999999579e-01
1.328303000000000011e+00 -9.232580000000000231e-01
-4.478139999999999898e-01 -1.082518000000000091e+00
-6.376359999999999806e-01 1.094832999999999945e+00
-1.051454000000000111e+00 -5.469260000000000232e-01
-1.306116000000000055e+00 -6.040569999999999551e-01
1.007654999999999967e+00 6.137759999999999883e-01
-3.590360000000000218e-01 1.346640000000000059e+00
2.597999999999999754e-01 1.538931000000000049e+00
3.918679999999999941e-01 1.178690999999999933e+00
7.387310000000000265e-01 1.284941000000000111e+00
-2.425229999999999886e-01 1.168053999999999926e+00
-1.459206999999999921e+00 -4.110829999999999762e-01
-3.697529999999999983e-01 1.177286999999999972e+00
-7.096029999999999838e-01 9.720760000000000511e-01
1.511441000000000034e+00 2.199010000000000131e-01
1.066796999999999995e+00 -1.035058999999999951e+00
6.958999999999999908e-03 -1.534907000000000021e+00
-8.710839999999999694e-01 -1.214636999999999967e+00
1.212461000000000011e+00 -9.174710000000000365e-01
-4.857349999999999723e-01 -1.336781999999999915e+00
1.100853999999999999e+00 5.363489999999999647e-01
-1.143137000000000070e+00 -4.629449999999999954e-01
-1.095908000000000104e+00 1.123634000000000022e+00
4.338890000000000247e-01 1.477875000000000050e+00
9.253409999999999691e-01 1.193548000000000053e+00
1.284529999999999950e+00 -8.994459999999999678e-01
1.124880000000000102e+00 6.904029999999999889e-01
1.078619999999999912e+00 6.309329999999999661e-01
9.829870000000000552e-01 -8.230129999999999946e-01
-1.292253000000000096e+00 -4.575210000000000110e-01
1.020215000000000094e+00 -5.825970000000000315e-01
4.078300000000000258e-01 -1.510850999999999944e+00
2.257709999999999995e-01 -1.193556000000000061e+00
1.107949000000000073e+00 3.868469999999999964e-01
1.317825999999999942e+00 3.147730000000000250e-01
-1.352470999999999979e+00 7.868840000000000279e-01
-1.118399999999999950e-02 1.599188000000000054e+00
3.906450000000000200e-01 1.115353000000000039e+00
1.131984000000000101e+00 2.616009999999999724e-01
-4.096509999999999874e-01 1.558005000000000084e+00
-1.597102999999999939e+00 9.152799999999999825e-02
-1.591911000000000076e+00 8.619899999999999785e-02
-1.151453999999999978e+00 -8.460579999999999767e-01
1.039285000000000014e+00 1.108694999999999986e+00
6.752799999999999914e-01 -1.398913000000000073e+00
-1.353739000000000026e+00 -3.223309999999999786e-01
1.529420999999999919e+00 1.040409999999999946e-01
1.205125000000000002e+00 -1.915560000000000040e-01
-1.190074000000000076e+00 -5.255560000000000231e-01
-1.057892999999999972e+00 5.446330000000000338e-01
5.541970000000000507e-01 -1.202658000000000005e+00
-9.312449999999999894e-01 -8.838799999999999990e-01
8.499729999999999785e-01 -1.188830999999999971e+00
1.479165999999999981e+00 6.161929999999999907e-01
-6.391320000000000334e-01 -1.492575999999999903e+00
1.135035000000000016e+00 3.385290000000000243e-01
-4.244189999999999907e-01 1.504674999999999985e+00
1.699559999999999960e-01 -1.505069999999999908e+00
1.170679000000000025e+00 1.084195999999999938e+00
1.504216999999999915e+00 7.538499999999999368e-02
6.398679999999999923e-01 -1.188728000000000007e+00
-1.273895000000000000e+00 9.200129999999999697e-01
1.134368999999999961e+00 -1.555509999999999948e-01
-7.755710000000000104e-01 1.133637999999999924e+00
3.708859999999999935e-01 1.147197000000000022e+00
-6.017529999999999824e-01 -1.278933000000000098e+00
-1.017729000000000106e+00 7.814539999999999820e-01
-3.429240000000000066e-01 1.319032999999999900e+00
9.634160000000000501e-01 -8.597050000000000525e-01
6.160590000000000233e-01 -1.024461000000000066e+00
-1.398674999999999891e+00 8.991200000000000581e-02
-5.689560000000000173e-01 1.245552999999999910e+00
-1.421121000000000079e+00 4.247800000000000187e-02
9.705470000000000486e-01 -9.918409999999999727e-01
-1.044621999999999939e+00 -1.055630000000000068e+00
5.860229999999999606e-01 1.408573999999999993e+00
1.299590000000000023e+00 4.636170000000000013e-01
-1.525749000000000022e+00 -5.475520000000000387e-01
1.604419999999999957e+00 -2.235139999999999905e-01
-1.431338999999999917e+00 -4.087979999999999947e-01
5.018439999999999568e-01 -1.026707000000000036e+00
1.038894999999999902e+00 9.473610000000000086e-01
-1.299110999999999905e+00 1.084689999999999960e-01
-1.134320000000000050e-01 1.233136999999999928e+00
1.118368000000000029e+00 4.556100000000000150e-01
8.809259999999999868e-01 8.698649999999999993e-01
1.309981000000000062e+00 -3.313360000000000194e-01
1.152868000000000004e+00 7.736159999999999703e-01
1.302672999999999970e+00 -6.702669999999999462e-01
1.337399000000000004e+00 -3.908199999999999869e-02
2.952819999999999889e-01 -1.186844999999999928e+00
-1.517028000000000043e+00 2.846200000000000119e-02
1.032275000000000054e+00 1.221678999999999959e+00
-1.318921000000000010e+00 -9.254480000000000484e-01
5.508089999999999931e-01 1.153796999999999962e+00
1.222609000000000057e+00 -8.073139999999999761e-01
-1.405394000000000032e+00 6.489099999999999868e-01
1.245926000000000089e+00 -7.451839999999999575e-01
1.047201000000000048e+00 -5.108939999999999593e-01
1.355715999999999921e+00 -5.779560000000000253e-01
-3.515079999999999871e-01 -1.159812000000000065e+00
-1.043315999999999910e+00 -1.019741999999999926e+00
7.460879999999999734e-01 -1.242035000000000000e+00
3.117039999999999811e-01 1.477279000000000009e+00
-1.073525000000000063e+00 -6.643510000000000248e-01
-1.092329000000000105e+00 9.158239999999999714e-01
-1.280003000000000002e+00 4.636660000000000226e-01
-1.606884999999999897e+00 1.541130000000000000e-01
-8.739430000000000254e-01 1.228930000000000078e+00
1.935010000000000063e-01 1.400249000000000077e+00
-1.434441000000000077e+00 -7.552410000000000512e-01
-1.113391999999999937e+00 8.291730000000000489e-01
7.290579999999999838e-01 9.397659999999999902e-01
-1.475929999999999964e+00 5.514240000000000252e-01
-9.830520000000000369e-01 -1.220982999999999929e+00
1.073962000000000083e+00 1.187230000000000008e+00
-1.464901000000000009e+00 -6.864949999999999664e-01
-9.419220000000000370e-01 -1.129634000000000027e+00
-1.532842999999999956e+00 2.246329999999999993e-01
-4.177770000000000095e-01 1.331388000000000016e+00
1.120087999999999973e+00 -7.918250000000000011e-01
-8.044109999999999872e-01 1.313649000000000067e+00
3.824380000000000002e-01 1.086187999999999931e+00
1.329992000000000063e+00 4.263310000000000155e-01
-1.171221000000000068e+00 7.628100000000000158e-02
6.562740000000000240e-01 1.455484000000000000e+00
1.257295000000000051e+00 -6.001399999999999790e-02
-6.550780000000000491e-01 1.487430000000000030e+00
-2.610919999999999908e-01 1.477343999999999991e+00
1.158298000000000050e+00 6.139369999999999550e-01
1.141102999999999978e+00 -4.915570000000000217e-01
9.335569999999999702e-01 9.353289999999999660e-01
1.562789999999999901e+00 2.822069999999999856e-01
-9.918120000000000269e-01 1.163372999999999990e+00
-1.398625999999999925e+00 -8.211270000000000513e-01
-1.311264999999999903e+00 -6.438369999999999926e-01
1.518202999999999969e+00 -3.976629999999999887e-01
2.776739999999999764e-01 1.422908999999999979e+00
1.498396000000000061e+00 -4.441339999999999733e-01
6.935360000000000413e-01 1.436876999999999960e+00
9.446029999999999704e-01 1.116562000000000054e+00
-6.485640000000000294e-01 -1.406179000000000068e+00
-3.255399999999999960e-02 -1.407397999999999927e+00
-7.037879999999999692e-01 -1.330818999999999974e+00
9.377699999999999925e-01 -8.782999999999999696e-01
-1.077345999999999915e+00 -1.143602000000000007e+00
-1.152258000000000004e+00 1.107374000000000080e+00
1.071169999999999956e+00 4.555899999999999950e-01
-1.070904000000000078e+00 -1.116699000000000108e+00
-9.595800000000000163e-02 -1.430050000000000043e+00
-1.309833999999999943e+00 -8.860689999999999955e-01
-7.540900000000000380e-01 1.397764999999999924e+00
9.615510000000000446e-01 8.172739999999999450e-01
1.522521999999999931e+00 3.954239999999999977e-01
1.134479999999999933e+00 -9.834870000000000001e-01
1.559104999999999963e+00 -1.970200000000000076e-02
-1.061636999999999942e+00 -4.686290000000000178e-01
1.077712999999999921e+00 7.193880000000000274e-01
-1.542729999999999935e+00 -3.245179999999999731e-01
5.330690000000000150e-01 -1.407356000000000051e+00
-8.991120000000000223e-01 8.264280000000000515e-01
-3.143210000000000170e-01 1.411254999999999926e+00
-4.082259999999999778e-01 1.479635000000000034e+00
1.003954999999999931e+00 7.804699999999999971e-01
1.313380999999999910e+00 -7.720069999999999988e-01
1.343893999999999922e+00 1.426200000000000037e-02
-5.722949999999999982e-01 1.402649999999999952e+00
1.065976000000000035e+00 -8.748550000000000493e-01
3.621100000000000013e-02 -1.473686000000000051e+00
-7.105270000000000197e-01 -1.460909000000000013e+00
-1.540448000000000039e+00 -3.062230000000000230e-01
9.871119999999999894e-01 -6.500730000000000119e-01
-8.261819999999999720e-01 8.034160000000000190e-01
-1.612854000000000010e+00 -2.135029999999999983e-01
-1.199899000000000049e+00 -2.699630000000000085e-01
3.190239999999999743e-01 -1.430299999999999905e+00
-1.473592999999999931e+00 2.801469999999999794e-01
-1.089347000000000065e+00 7.076160000000000228e-01
1.103042000000000078e+00 1.126506999999999925e+00
3.308320000000000149e-01 -1.350978999999999930e+00
5.250999999999999591e-03 -1.393148000000000053e+00
-5.664399999999999991e-02 1.173840999999999912e+00
-8.744399999999999951e-01 -9.748409999999999576e-01
6.084230000000000471e-01 -1.174225000000000074e+00
-2.121580000000000132e-01 1.184460000000000068e+00
3.690869999999999984e-01 -1.208331999999999962e+00
1.049857000000000040e+00 1.194657000000000080e+00
2.228569999999999995e-01 -1.130873999999999935e+00
-9.360479999999999912e-01 1.106559999999999988e+00
-1.330106000000000011e+00 -8.766789999999999861e-01
-1.345755999999999952e+00 -6.423780000000000046e-01
6.219489999999999741e-01 1.249333999999999945e+00
1.222480999999999929e+00 -6.479679999999999884e-01
-1.098252999999999924e+00 4.697609999999999841e-01
-1.458296999999999954e+00 -5.281379999999999963e-01
-1.019779999999999992e-01 1.176374000000000031e+00
-9.112080000000000179e-01 1.206650999999999918e+00
1.319714000000000054e+00 -9.432030000000000136e-01
5.582850000000000312e-01 1.117374000000000089e+00
5.177690000000000348e-01 1.435335999999999945e+00
-4.276300000000000101e-01 -1.373783999999999894e+00
-5.030999999999999882e-03 -1.214522000000000101e+00
-6.019930000000000003e-01 -1.382470000000000088e+00
2.104000000000000037e-01 1.251733999999999902e+00
1.328656000000000059e+00 8.195080000000000142e-01
-1.304913999999999907e+00 -8.699780000000000291e-01
7.569179999999999797e-01 -1.369104000000000099e+00
7.100250000000000172e-01 -1.348826000000000080e+00
1.534405000000000019e+00 -3.341990000000000238e-01
-1.193742999999999999e+00 -7.598709999999999631e-01
1.069898999999999933e+00 -7.994179999999999620e-01
-1.401037000000000088e+00 -9.587500000000000189e-02
1.201435999999999948e+00 -3.167200000000000015e-01
4.937429999999999874e-01 -1.510472999999999955e+00
-9.932229999999999670e-01 9.548999999999999710e-01
-1.364579999999999904e+00 1.323590000000000044e-01
1.275581000000000076e+00 2.654429999999999845e-01
1.148649999999999949e+00 3.598160000000000247e-01
4.879899999999999793e-01 1.493119000000000085e+00
1.291465000000000085e+00 1.356279999999999986e-01
-9.563730000000000286e-01 -1.186619000000000090e+00
1.173677999999999999e+00 -6.998900000000000121e-01
1.188453999999999899e+00 -3.691459999999999742e-01
-7.124589999999999534e-01 -1.114384999999999959e+00
-7.907830000000000137e-01 -9.465710000000000512e-01
1.257001000000000035e+00 5.195650000000000546e-01
2.182250000000000023e-01 1.237835999999999936e+00
1.525047999999999959e+00 -1.797370000000000079e-01
1.238818999999999892e+00 -2.523659999999999792e-01
-1.213832999999999940e+00 8.354120000000000434e-01
-4.558420000000000250e-01 1.047871999999999915e+00
-9.914619999999999544e-01 5.939069999999999627e-01
9.798289999999999500e-01 -1.237109000000000014e+00
-1.179375000000000062e+00 -3.521999999999999957e-03
-1.548837000000000019e+00 -4.665179999999999882e-01
7.437909999999999799e-01 -1.086452999999999891e+00
-1.202634999999999899e+00 -9.155440000000000245e-01
-4.833040000000000114e-01 -1.283058000000000032e+00
9.434280000000000443e-01 9.411040000000000516e-01
7.177710000000000479e-01 -1.033258999999999928e+00
1.415126000000000106e+00 7.148309999999999942e-01
1.278607000000000049e+00 -1.576629999999999976e-01
-1.518075999999999981e+00 1.789260000000000017e-01
4.200849999999999862e-01 -1.273049000000000097e+00
1.465699000000000085e+00 3.687999999999999872e-03
-1.236512000000000056e+00 9.359250000000000069e-01
-1.190542999999999907e+00 -2.731419999999999959e-01
-8.665410000000000057e-01 9.712950000000000195e-01
-9.993370000000000308e-01 -6.777579999999999716e-01
-9.853499999999999481e-01 -1.253794999999999993e+00
7.649979999999999558e-01 -1.002680999999999933e+00
8.113609999999999989e-01 -1.395253000000000076e+00
-1.338648000000000060e+00 -5.292050000000000365e-01
-1.098981999999999903e+00 5.194790000000000241e-01
1.345809000000000033e+00 4.693289999999999962e-01
-9.401089999999999725e-01 -8.678460000000000063e-01
1.029686000000000101e+00 1.071479999999999988e+00
1.406131000000000020e+00 6.855700000000000682e-02
1.724090000000000067e-01 -1.510200999999999905e+00
1.309962000000000071e+00 -4.538699999999999957e-01
-1.060216999999999965e+00 -1.071058999999999983e+00
3.021519999999999762e-01 -1.588068999999999953e+00
-1.367666000000000048e+00 -6.754379999999999828e-01
3.744609999999999883e-01 1.391990999999999978e+00
-6.504370000000000429e-01 1.264108000000000009e+00
7.777499999999999691e-02 1.584052000000000016e+00
-1.404578000000000104e+00 -1.372649999999999981e-01
-1.509565999999999963e+00 -4.819970000000000088e-01
-1.089286999999999894e+00 6.690739999999999466e-01
-1.171823999999999977e+00 4.949699999999999933e-02
-9.202660000000000284e-01 -7.036769999999999969e-01
1.223376000000000019e+00 8.846810000000000507e-01
8.636989999999999945e-01 -9.302449999999999886e-01
-1.378594000000000097e+00 6.781669999999999643e-01
2.738300000000000109e-02 -1.277423999999999893e+00
-1.463993000000000100e+00 -1.496300000000000061e-02
-6.844899999999999596e-02 1.308245000000000102e+00
1.242973000000000106e+00 8.021390000000000464e-01
-1.463249000000000022e+00 -3.836500000000000327e-02
-7.551520000000000454e-01 -1.093693999999999944e+00
1.461133000000000015e+00 -1.662790000000000101e-01
-3.307539999999999925e-01 -1.221414999999999917e+00
1.525784000000000029e+00 -9.434399999999999731e-02
-5.711829999999999963e-01 -1.411859999999999893e+00
-9.476569999999999716e-01 8.421319999999999917e-01
-7.120990000000000375e-01 9.179720000000000102e-01
-4.557410000000000072e-01 -1.339010000000000034e+00
4.802730000000000055e-01 1.059077000000000046e+00
1.695889999999999898e-01 -1.394389000000000101e+00
-5.542139999999999844e-01 -1.530613000000000001e+00
1.424950000000000105e-01 1.429975999999999914e+00
1.115456999999999921e+00 -6.686619999999999786e-01
-5.678699999999999859e-01 -9.921039999999999859e-01
1.319158000000000053e+00 7.263049999999999784e-01
1.979019999999999946e-01 -1.428984000000000032e+00
-4.713479999999999892e-01 1.150768999999999931e+00
1.378794000000000075e+00 -6.227789999999999715e-01
-1.183998000000000106e+00 5.288929999999999465e-01
1.459429999999999894e-01 1.535519999999999996e+00
9.870510000000000117e-01 5.707320000000000171e-01
-1.409823000000000048e+00 4.507900000000000101e-02
1.007038000000000100e+00 9.748310000000000031e-01
-1.684099999999999833e-02 1.285646000000000067e+00
-4.974799999999999778e-01 1.049757000000000051e+00
3.701999999999999735e-01 1.172671999999999937e+00
3.048420000000000019e-01 1.215764999999999985e+00
1.132133000000000056e+00 -5.929370000000000474e-01
-6.780690000000000328e-01 -9.718649999999999789e-01
9.616519999999999513e-01 -9.600079999999999725e-01
1.394304999999999906e+00 -7.010229999999999517e-01
-1.066648000000000041e+00 9.303609999999999935e-01
1.502142000000000088e+00 -3.129060000000000175e-01
-3.889469999999999872e-01 1.209854999999999903e+00
-1.017706000000000000e+00 5.212980000000000391e-01
1.310532999999999948e+00 1.518399999999999958e-02
1.312600999999999907e+00 2.643829999999999791e-01
5.825059999999999683e-01 1.422104000000000035e+00
-8.906549999999999745e-01 1.335159999999999902e+00
-9.005940000000000056e-01 -7.704459999999999642e-01
-1.579795000000000060e+00 -3.770109999999999850e-01
-9.367499999999999716e-01 -1.301911999999999958e+00
6.975919999999999899e-01 1.326457999999999915e+00
1.207322999999999924e+00 3.391199999999999770e-01
3.587819999999999898e-01 -1.321355000000000057e+00
-1.569290999999999991e+00 -1.433699999999999974e-01
1.066470000000000029e+00 -1.149702999999999919e+00
6.725379999999999692e-01 -1.173942999999999959e+00
1.265719999999999956e+00 8.648510000000000364e-01
1.432466999999999935e+00 -6.055139999999999967e-01
1.504609000000000085e+00 -5.362609999999999877e-01
-6.387699999999999489e-01 9.674650000000000194e-01
