-2.003636999999999890e+00 1.534013000000000071e+00
-1.539873999999999965e+00 1.953187999999999924e+00
8.440280000000000005e-01 -2.226067000000000018e+00
-1.232359999999999900e+00 1.862173999999999996e+00
8.475869999999999793e-01 2.340971000000000135e+00
-1.830254999999999965e+00 -1.719834000000000085e+00
-8.373890000000000500e-01 -2.015966999999999842e+00
2.522203999999999890e+00 -1.488100000000000013e-02
1.079034999999999966e+00 -1.941654999999999909e+00
-2.311339999999999950e+00 1.423250000000000071e-01
1.572070999999999996e+00 -1.853774999999999951e+00
-2.039110000000000089e-01 -2.313623000000000207e+00
-2.253146000000000093e+00 -1.188582000000000027e+00
-2.601820000000000244e-01 2.065732999999999819e+00
2.368761999999999812e+00 -3.528510000000000257e-01
-7.760699999999999543e-02 2.196436999999999973e+00
-2.297166999999999959e+00 -2.975289999999999879e-01
-1.467163999999999913e+00 1.738706000000000085e+00
1.485621000000000080e+00 -1.911680000000000046e+00
9.065530000000000532e-01 -1.935545999999999989e+00
-1.775084000000000106e+00 -1.490477000000000052e+00
1.764380000000000059e+00 1.246237999999999957e+00
-5.514909999999999535e-01 -2.150802999999999798e+00
4.634340000000000126e-01 -2.042752000000000123e+00
-8.048099999999999699e-02 2.080782000000000131e+00
1.152908999999999962e+00 -1.737008000000000107e+00
-1.373680999999999930e+00 -1.887796000000000030e+00
4.424049999999999927e-01 2.452423000000000020e+00
-2.183622999999999870e+00 2.507969999999999922e-01
-2.473209000000000213e+00 2.292109999999999981e-01
1.156913999999999998e+00 -2.103085000000000093e+00
3.134140000000000259e-01 -2.309829999999999828e+00
-1.844772000000000078e+00 -1.001228000000000007e+00
1.669726999999999961e+00 -1.546859999999999902e+00
7.705330000000000235e-01 2.369429999999999925e+00
-1.186941000000000024e+00 -1.801679999999999948e+00
-6.164100000000000135e-01 2.202658000000000005e+00
1.964280000000000026e+00 1.299776999999999960e+00
6.584500000000000075e-02 -2.418054000000000148e+00
2.281743000000000077e+00 3.582560000000000189e-01
1.057659999999999989e-01 2.160953000000000124e+00
-1.942731999999999903e+00 -1.025050999999999934e+00
2.711040000000000116e-01 2.172718999999999845e+00
-2.005704000000000153e+00 1.226952999999999960e+00
2.314331999999999834e+00 -2.295830000000000093e-01
2.224946999999999786e+00 1.261673000000000044e+00
-2.246462999999999877e+00 -1.127539999999999987e+00
2.196480000000000210e+00 2.618349999999999844e-01
2.168698000000000015e+00 -7.368339999999999890e-01
1.766157999999999895e+00 1.721076000000000050e+00
6.273480000000000167e-01 2.054698999999999831e+00
-1.763752999999999904e+00 -1.531749999999999945e+00
1.573239999999999972e+00 1.440496999999999916e+00
-1.019628999999999897e+00 -1.941945999999999950e+00
-2.321540999999999855e+00 -9.356330000000000480e-01
2.183012999999999870e+00 4.712120000000000197e-01
-1.404163999999999968e+00 -2.045563000000000020e+00
-2.420176000000000105e+00 6.140050000000000230e-01
1.862790000000000001e-01 -2.285137000000000196e+00
2.154599999999999849e+00 1.229052999999999951e+00
-6.832629999999999537e-01 2.004391000000000034e+00
-1.422678000000000109e+00 -1.597042999999999990e+00
-2.216787000000000063e+00 -8.349259999999999460e-01
1.372797999999999963e+00 -1.931680999999999981e+00
-2.700940000000000007e-01 2.348085999999999895e+00
-6.883519999999999639e-01 -2.397559999999999913e+00
1.774191999999999991e+00 1.591393000000000058e+00
-1.858879999999999977e-01 2.392819999999999947e+00
-1.691173999999999955e+00 -1.724275000000000002e+00
-7.823609999999999731e-01 2.423299999999999788e+00
-7.642390000000000017e-01 -2.305512999999999924e+00
-1.433985000000000065e+00 -2.031048999999999882e+00
-2.227494999999999781e+00 8.713589999999999947e-01
1.820664999999999978e+00 1.768129000000000062e+00
1.835610000000000019e-01 2.330264999999999809e+00
-1.694406000000000079e+00 1.491195000000000048e+00
-2.216457000000000122e+00 -7.126400000000000512e-01
-1.203659000000000034e+00 1.895075000000000065e+00
-8.860980000000000523e-01 1.995762999999999954e+00
5.636060000000000514e-01 2.076687000000000172e+00
8.852630000000000221e-01 2.260349000000000164e+00
5.340890000000000359e-01 2.225525999999999893e+00
-1.977842000000000100e+00 1.451869999999999994e+00
-2.076629000000000058e+00 -6.305279999999999774e-01
-1.065252000000000088e+00 1.970059999999999922e+00
-6.053319999999999812e-01 -2.223997999999999919e+00
-1.981821000000000055e+00 7.203869999999999996e-01
-8.520499999999999741e-01 -2.315068999999999821e+00
1.826043000000000083e+00 -1.110227000000000075e+00
1.664260000000000073e+00 1.290267999999999970e+00
-2.337523000000000017e+00 -5.679689999999999461e-01
1.786051000000000055e+00 1.364292000000000060e+00
9.757219999999999782e-01 2.089345999999999925e+00
-5.022029999999999550e-01 -2.507493999999999890e+00
4.404870000000000174e-01 -2.508328999999999809e+00
2.483890999999999849e+00 3.610419999999999741e-01
2.017049000000000092e+00 -8.841090000000000337e-01
2.200739000000000001e+00 9.336520000000000374e-01
1.575189999999999924e-01 2.546307999999999794e+00
-6.322539999999999827e-01 -2.151394999999999946e+00
-2.405902000000000207e+00 -6.399399999999999533e-01
-1.148598000000000008e+00 -1.816589000000000009e+00
2.472551000000000165e+00 2.923229999999999995e-01
1.903196000000000110e+00 1.000296000000000074e+00
2.141523999999999983e+00 4.244950000000000112e-01
-2.734509999999999996e-01 -2.430215000000000014e+00
-2.301966000000000179e+00 -6.234030000000000404e-01
-1.211081000000000074e+00 1.826044000000000000e+00
8.919960000000000111e-01 -2.358890000000000153e+00
-1.622516999999999987e+00 -1.914935999999999972e+00
1.806748999999999938e+00 1.497619000000000034e+00
1.349466000000000054e+00 -2.012668000000000124e+00
2.160381000000000107e+00 9.162240000000000384e-01
2.778970000000000051e-01 -2.329991000000000145e+00
7.811420000000000030e-01 2.214888999999999886e+00
-6.541839999999999877e-01 2.060446999999999917e+00
2.497635999999999967e+00 5.016500000000000403e-01
-2.109716999999999842e+00 4.166699999999999848e-01
7.859329999999999927e-01 -2.126691000000000109e+00
-1.105329999999999924e+00 -2.120337999999999834e+00
2.140331999999999901e+00 4.143720000000000181e-01
1.901434000000000069e+00 -1.371342999999999979e+00
1.727506999999999904e+00 1.760545000000000027e+00
2.380112000000000005e+00 -2.873640000000000083e-01
-1.306956000000000007e+00 1.848494000000000081e+00
-1.902954999999999952e+00 -1.144919999999999938e+00
9.587649999999999784e-01 -1.973770999999999942e+00
2.151365999999999890e+00 6.871159999999999490e-01
-1.908557000000000059e+00 -1.416979999999999906e+00
-1.131056999999999979e+00 -1.810842000000000063e+00
1.276680000000000037e+00 -1.951937999999999951e+00
1.161947999999999981e+00 -2.186145999999999923e+00
-2.561419999999999808e-01 2.091183000000000014e+00
-1.511536999999999908e+00 1.676414000000000071e+00
-2.178781999999999996e+00 -2.127269999999999994e-01
-8.131500000000000394e-01 2.324186999999999781e+00
2.322467000000000059e+00 3.846140000000000114e-01
-1.439071999999999907e+00 1.735033000000000047e+00
1.472128000000000103e+00 -1.638363999999999931e+00
-1.980172999999999961e+00 -1.200900000000000079e+00
-1.396687000000000012e+00 1.701262999999999970e+00
-6.527129999999999876e-01 2.156498000000000026e+00
-6.935590000000000366e-01 -2.371865000000000112e+00
6.762329999999999730e-01 -2.048296000000000117e+00
1.012059999999999960e+00 -1.938256999999999897e+00
2.418439999999999923e+00 3.030340000000000256e-01
-2.544836000000000098e+00 -1.086680000000000007e-01
1.905400999999999900e+00 1.465767000000000042e+00
-9.812319999999999931e-01 -2.272965999999999820e+00
1.707986000000000004e+00 -1.734793999999999947e+00
3.837220000000000075e-01 2.351055000000000117e+00
-1.956870000000000109e+00 -1.165364000000000066e+00
1.841947000000000001e+00 1.242342999999999975e+00
5.033239999999999936e-01 -2.101510999999999907e+00
1.199414999999999898e+00 -1.785300000000000109e+00
-2.022581000000000184e+00 -8.688719999999999777e-01
-4.369970000000000243e-01 2.118310999999999833e+00
-2.340389999999999970e-01 -2.066936000000000107e+00
-1.762100000000000125e-02 2.163114000000000203e+00
-5.203809999999999825e-01 2.501358000000000192e+00
-1.504116000000000009e+00 1.656455999999999928e+00
-2.412927999999999962e+00 3.675629999999999731e-01
2.130049000000000081e+00 3.082650000000000112e-01
1.444334000000000007e+00 1.607782999999999962e+00
-2.091479000000000088e+00 9.858430000000000248e-01
1.725095000000000045e+00 -1.657774999999999999e+00
2.044051000000000062e+00 1.215786000000000033e+00
2.409111999999999920e+00 6.775790000000000424e-01
-4.865030000000000188e-01 2.391001000000000154e+00
-1.973718000000000083e+00 1.506059000000000037e+00
2.230529000000000206e+00 1.090737999999999985e+00
-2.154084000000000110e+00 -5.951509999999999856e-01
1.810338000000000003e+00 1.401583000000000023e+00
3.764509999999999801e-01 -2.092763000000000151e+00
-3.472000000000000086e-01 2.365848999999999869e+00
-3.985469999999999846e-01 2.270513999999999921e+00
-1.546073000000000031e+00 1.982255000000000100e+00
3.394429999999999947e-01 -2.225391999999999815e+00
-1.108416000000000068e+00 2.165106999999999893e+00
-2.265464000000000144e+00 -9.302110000000000101e-01
-2.091626999999999903e+00 -7.152610000000000356e-01
6.732120000000000326e-01 -2.182119000000000142e+00
-1.598883000000000054e+00 1.710105999999999904e+00
-1.563529999999999920e-01 -2.309924000000000088e+00
2.074211000000000027e+00 -2.445189999999999864e-01
1.714496999999999938e+00 1.712946000000000080e+00
-2.237896000000000107e+00 -7.212899999999999867e-01
4.375600000000000045e-01 2.053532999999999831e+00
-1.997478000000000087e+00 -7.101990000000000247e-01
-1.615277999999999992e+00 -1.960974999999999913e+00
2.024770000000000181e+00 5.794120000000000381e-01
2.119819000000000120e+00 1.262558000000000069e+00
-1.125504000000000060e+00 -2.083371999999999780e+00
-1.456280999999999937e+00 -1.594819999999999904e+00
-2.048467000000000038e+00 -7.562769999999999770e-01
2.261655000000000193e+00 3.135430000000000161e-01
-8.560729999999999729e-01 -2.153861000000000026e+00
-2.209798000000000151e+00 -8.260039999999999605e-01
5.648440000000000127e-01 2.167583000000000037e+00
-7.008180000000000520e-01 2.282566000000000095e+00
2.489100000000000090e+00 -3.472580000000000111e-01
-1.777403999999999984e+00 -1.336332999999999993e+00
7.911070000000000046e-01 2.109341999999999828e+00
-3.763889999999999736e-01 2.482610000000000205e+00
7.829460000000000308e-01 2.192145000000000010e+00
2.027517000000000014e+00 -1.274018000000000095e+00
1.045820999999999890e+00 1.836203000000000030e+00
1.760477000000000070e+00 -1.139814000000000105e+00
-1.832039999999999891e+00 -1.155121000000000064e+00
1.306300000000000017e+00 -1.646867000000000081e+00
-2.367573000000000150e+00 6.279900000000000482e-01
-2.110602999999999785e+00 -2.881389999999999785e-01
8.765760000000000218e-01 2.213350000000000151e+00
-3.872749999999999804e-01 2.523334000000000188e+00
9.685259999999999980e-01 2.327742000000000200e+00
-2.524059999999999970e+00 -6.325400000000000467e-02
-6.726109999999999589e-01 2.421289999999999942e+00
-1.201426000000000105e+00 -2.070837000000000039e+00
3.667070000000000052e-01 2.200385999999999953e+00
2.261109999999999953e+00 -9.167669999999999986e-01
-1.384441999999999950e+00 1.905056000000000083e+00
2.500361999999999973e+00 1.693949999999999900e-01
-1.240264000000000033e+00 1.978089999999999904e+00
-1.349363000000000090e+00 1.751203000000000065e+00
1.071946000000000065e+00 -2.067638000000000087e+00
-8.761010000000000186e-01 -2.137833000000000094e+00
2.150500000000000078e+00 -7.323140000000000205e-01
1.331700000000000071e-02 2.427080000000000126e+00
-1.248254999999999892e+00 1.678698999999999941e+00
2.160814999999999930e+00 1.192020999999999997e+00
-2.292562000000000211e+00 1.101552000000000087e+00
1.989422999999999941e+00 7.960859999999999603e-01
1.874220999999999915e+00 1.453502000000000072e+00
2.117884999999999796e+00 -3.873099999999999876e-01
-2.606249999999999956e-01 -2.334150000000000169e+00
1.982447999999999988e+00 -1.493036000000000030e+00
3.485639999999999850e-01 -2.107073999999999891e+00
-2.083724000000000132e+00 5.725670000000000481e-01
-7.349729999999999874e-01 2.409940999999999889e+00
-2.332873999999999892e+00 -4.767040000000000166e-01
1.678447000000000022e+00 -1.432752000000000026e+00
-1.441171999999999898e+00 1.717090000000000005e+00
-2.261632999999999782e+00 -1.011708000000000052e+00
-2.016649000000000136e+00 -7.559139999999999748e-01
-1.026699999999999974e-01 2.488666999999999963e+00
8.739800000000000346e-02 -2.378397000000000094e+00
1.395515999999999979e+00 1.568618000000000068e+00
-6.319449999999999790e-01 -2.168181000000000136e+00
-6.382419999999999760e-01 2.387807000000000013e+00
-2.202409999999999923e-01 -2.300876000000000143e+00
1.317155999999999993e+00 2.054518999999999984e+00
1.102459999999999996e+00 -1.928668999999999967e+00
5.928750000000000409e-01 2.360451999999999995e+00
-1.805487999999999982e+00 -1.341963999999999935e+00
-3.243400000000000172e-01 -2.258985000000000021e+00
2.057817000000000007e+00 1.418948000000000098e+00
-1.086327999999999960e+00 2.119715999999999934e+00
-1.939319000000000015e+00 1.350934000000000079e+00
-5.822500000000000453e-01 -2.017177000000000220e+00
-1.391880999999999924e+00 -2.024922000000000111e+00
-2.175495000000000179e+00 -1.257249999999999979e+00
4.716859999999999942e-01 -2.122892999999999919e+00
-2.018742000000000036e+00 -9.368710000000000093e-01
-1.623183999999999960e+00 -1.576743999999999923e+00
-3.353099999999999831e-02 -2.194094000000000211e+00
-2.131962999999999830e+00 -9.497800000000000686e-02
1.727267000000000108e+00 -1.792176999999999909e+00
-2.059562000000000115e+00 8.770409999999999595e-01
-1.909434999999999993e+00 -1.508318999999999965e+00
-2.192629000000000161e+00 7.123380000000000267e-01
-2.245985999999999816e+00 6.134819999999999718e-01
1.918331000000000008e+00 -8.291720000000000201e-01
-1.297199999999999909e+00 -1.931518999999999986e+00
-2.513119000000000103e+00 -3.992829999999999990e-01
-7.237620000000000164e-01 -2.063350999999999935e+00
-2.591849999999999987e-01 -2.207829999999999959e+00
1.707435000000000036e+00 1.526907000000000014e+00
1.871499999999999941e+00 -1.593514000000000097e+00
-7.081220000000000292e-01 2.448605000000000143e+00
1.975537000000000099e+00 1.548631000000000091e+00
2.222024999999999917e+00 1.079328999999999983e+00
-2.333104000000000067e+00 7.706579999999999542e-01
2.031426999999999872e+00 1.377231000000000094e+00
1.973362999999999978e+00 -1.587279000000000106e+00
2.132893999999999846e+00 -6.509749999999999703e-01
-2.177280000000000104e+00 1.140352999999999950e+00
-2.254065999999999903e+00 2.606120000000000103e-01
-1.267268000000000061e+00 2.208731000000000222e+00
1.316712000000000105e+00 1.672045999999999921e+00
1.304578999999999933e+00 2.181090999999999891e+00
-1.734026999999999985e+00 -1.168501000000000012e+00
2.220774000000000026e+00 -7.341339999999999533e-01
1.370374999999999899e+00 -1.757724999999999982e+00
2.017888000000000126e+00 -7.879899999999999682e-01
-1.824163999999999897e+00 1.543994000000000089e+00
8.495059999999999834e-01 2.397127999999999926e+00
-1.528718000000000021e+00 1.714442000000000021e+00
-1.993416000000000077e+00 -1.378460000000000019e+00
-1.581039000000000083e+00 -1.752421999999999924e+00
-2.390169999999999906e+00 -2.215189999999999937e-01
-1.251521000000000106e+00 2.052379000000000175e+00
1.749640000000000084e+00 1.628316000000000097e+00
2.020106999999999875e+00 7.244119999999999449e-01
8.430400000000000393e-02 -2.222253999999999952e+00
-5.744820000000000482e-01 -2.299833000000000016e+00
-2.240272000000000041e+00 -8.310089999999999977e-01
-2.228193000000000090e+00 5.732159999999999478e-01
1.269182000000000032e+00 1.908309999999999951e+00
5.124480000000000146e-01 -2.256196000000000090e+00
-1.771625000000000005e+00 -1.283107999999999915e+00
2.046231999999999829e+00 -7.882970000000000255e-01
-8.936699999999999644e-01 2.064086999999999783e+00
-1.885653999999999941e+00 -1.725230000000000041e+00
2.814729999999999732e-01 2.378201999999999927e+00
-1.021446999999999994e+00 -2.197843000000000213e+00
2.131765000000000132e+00 -1.037668000000000035e+00
1.126662999999999970e+00 -2.245007999999999893e+00
-2.391192000000000206e+00 -7.254340000000000233e-01
2.218885999999999914e+00 8.151659999999999462e-01
-5.890299999999999703e-02 -2.390162999999999816e+00
-1.383383999999999947e+00 1.709651999999999950e+00
-1.424252999999999991e+00 1.593077000000000076e+00
-1.147456999999999949e+00 2.253801000000000165e+00
-1.989365000000000050e+00 7.839749999999999774e-01
-1.359583999999999904e+00 1.648501999999999912e+00
-1.517870000000000053e+00 1.816837999999999953e+00
-2.245375000000000121e+00 -1.197797000000000001e+00
1.602073000000000080e+00 1.724172000000000038e+00
3.805290000000000061e-01 -2.442912000000000194e+00
1.754739999999999966e+00 1.674284000000000106e+00
2.188492000000000104e+00 -5.558929999999999705e-01
-1.956320999999999977e+00 -1.392805000000000071e+00
-1.406088000000000005e+00 1.690484000000000098e+00
5.009909999999999641e-01 2.131689999999999863e+00
1.714450999999999947e+00 1.554443999999999937e+00
1.435743999999999909e+00 1.960833999999999966e+00
1.786192999999999920e+00 1.448442000000000007e+00
-1.842065999999999981e+00 1.525803000000000020e+00
4.559779999999999944e-01 -2.069719000000000086e+00
-2.287571999999999939e+00 -7.628599999999999826e-01
-1.670738999999999974e+00 -1.625874999999999959e+00
1.522043000000000035e+00 -1.959348000000000090e+00
1.578823000000000087e+00 1.426894000000000107e+00
2.220572000000000212e+00 -1.252321999999999935e+00
-2.367563000000000084e+00 -7.940669999999999673e-01
1.574222000000000010e+00 1.450031999999999988e+00
-2.103676999999999797e+00 9.589720000000000466e-01
1.223080000000000001e-01 -2.088851000000000013e+00
1.389489999999999892e+00 -1.608970000000000011e+00
-2.240162999999999904e+00 5.225840000000000485e-01
-1.697702000000000044e+00 -1.631453999999999960e+00
-2.321264999999999912e+00 -6.525400000000000644e-02
9.483819999999999473e-01 -2.266979000000000077e+00
1.699106000000000005e+00 -1.568713999999999942e+00
4.644760000000000000e-01 -2.259612000000000176e+00
-6.824040000000000106e-01 -2.242351999999999901e+00
2.126739999999999853e+00 1.146289999999999948e-01
-9.527010000000000201e-01 1.889272000000000062e+00
2.274938999999999822e+00 -3.450779999999999959e-01
-6.939659999999999718e-01 -2.205887999999999849e+00
4.024820000000000064e-01 -2.516233999999999860e+00
-2.532337000000000060e+00 2.075239999999999863e-01
1.278577999999999992e+00 -1.883429000000000020e+00
-1.677799000000000040e+00 1.901942000000000021e+00
-2.284945000000000004e+00 3.740220000000000211e-01
-4.704409999999999981e-01 2.304437000000000069e+00
-1.325304000000000038e+00 1.790972999999999926e+00
-1.294237000000000082e+00 -2.109182999999999808e+00
-2.327118000000000020e+00 -7.618500000000000272e-01
-6.894470000000000320e-01 -2.102003999999999984e+00
-2.040195000000000203e+00 4.680460000000000176e-01
-2.209560000000000191e+00 -8.434390000000000498e-01
7.731590000000000407e-01 -2.341136999999999802e+00
-1.517114000000000074e+00 -1.996262999999999899e+00
1.862595999999999918e+00 1.665958000000000050e+00
1.943705999999999934e+00 -1.264046000000000003e+00
-1.892343000000000108e+00 1.473327000000000053e+00
-1.426855999999999902e+00 1.719327999999999967e+00
-4.502840000000000176e-01 2.305479000000000056e+00
-1.086213000000000095e+00 -1.816502999999999979e+00
1.888193000000000010e+00 -1.435832999999999915e+00
-7.716809999999999503e-01 -2.191251999999999978e+00
8.936159999999999659e-01 1.974529999999999896e+00
-1.860335000000000072e+00 -1.520624999999999893e+00
1.664501000000000008e+00 -1.428819999999999979e+00
2.039559999999999818e+00 -1.126926000000000094e+00
-1.735269999999999868e-01 -2.449733999999999856e+00
-5.761849999999999472e-01 -2.479699999999999793e+00
-2.509005000000000152e+00 1.722480000000000122e-01
-1.560383999999999993e+00 -1.519892999999999939e+00
4.396070000000000255e-01 -2.052615999999999996e+00
2.073479999999999990e+00 8.816009999999999680e-01
-1.512850999999999946e+00 -1.683897999999999895e+00
2.036480000000000068e+00 1.347386999999999890e+00
1.350826000000000082e+00 -1.721298999999999912e+00
-2.220330000000000137e+00 -5.361500000000000155e-01
-1.753065000000000095e+00 1.222588000000000008e+00
-1.018138999999999905e+00 1.958796999999999899e+00
-2.290105000000000057e+00 -1.792590000000000017e-01
1.448695000000000066e+00 1.920533999999999963e+00
-1.759945000000000093e+00 -1.312389000000000028e+00
2.294275999999999982e+00 8.376949999999999674e-01
1.971939000000000108e+00 1.106416999999999984e+00
1.294308000000000014e+00 -1.794165000000000010e+00
2.115651999999999866e+00 -8.320619999999999683e-01
-1.358732000000000051e+00 -2.086711999999999900e+00
-2.104750000000000121e+00 8.327069999999999750e-01
3.267599999999999949e-01 2.519445000000000157e+00
2.361709999999999920e-01 2.461447000000000163e+00
-6.911220000000000141e-01 2.421729000000000021e+00
-1.671834000000000042e+00 -1.891809999999999992e+00
2.275399999999999867e+00 6.452179999999999582e-01
4.583760000000000057e-01 2.133004000000000122e+00
1.657993999999999968e+00 -1.881189999999999918e+00
4.556999999999999940e-01 2.447836000000000123e+00
2.440274000000000054e+00 7.345260000000000122e-01
-9.352019999999999778e-01 -1.873601999999999990e+00
8.470509999999999984e-01 -2.078393999999999853e+00
2.275774999999999881e+00 -1.075959999999999972e-01
-1.416458999999999913e+00 1.596281999999999979e+00
-6.487469999999999626e-01 -2.344449000000000005e+00
1.192066999999999988e+00 1.958495000000000097e+00
1.179889999999999967e-01 -2.372640000000000082e+00
2.225254000000000065e+00 -1.015457000000000054e+00
1.881904999999999939e+00 1.424407999999999896e+00
2.246398999999999813e+00 -1.186669999999999947e-01
-5.293179999999999552e-01 2.171762999999999888e+00
2.048626000000000058e+00 9.995150000000000423e-01
1.850187000000000026e+00 -1.687791000000000041e+00
-1.014027999999999929e+00 2.130338000000000065e+00
-4.798430000000000195e-01 -2.314311000000000007e+00
-7.962329999999999686e-01 -1.990264999999999951e+00
4.202250000000000152e-01 2.293400000000000105e+00
-2.290563000000000127e+00 3.588069999999999871e-01
-2.135955000000000048e+00 5.744310000000000249e-01
2.017767000000000088e+00 1.151148000000000060e+00
-1.769141999999999992e+00 -1.815711000000000075e+00
1.438053000000000026e+00 2.056913999999999909e+00
-2.143387999999999849e+00 -5.865479999999999583e-01
-2.451715999999999784e+00 -2.060120000000000007e-01
1.095291999999999932e+00 -2.152484999999999982e+00
2.277166999999999941e+00 -1.247199999999999975e-01
2.551200999999999830e+00 5.531300000000000106e-02
5.678109999999999546e-01 2.204664000000000179e+00
1.954447000000000045e+00 1.469923000000000091e+00
-1.102357000000000031e+00 1.891853000000000007e+00
-1.454687999999999981e+00 1.773406999999999956e+00
-2.350093999999999905e+00 6.699190000000000422e-01
-2.134354999999999780e+00 -1.177834999999999965e+00
-2.225770999999999944e+00 4.442150000000000265e-01
-1.122490999999999906e+00 -2.099965000000000082e+00
1.928021999999999903e+00 1.616645000000000110e+00
2.388704000000000160e+00 -2.446750000000000036e-01
-2.054068000000000005e+00 1.484722000000000097e+00
-1.408709999999999907e+00 -1.567960999999999938e+00
9.618060000000000498e-01 -2.051785999999999888e+00
-2.386864999999999792e+00 -8.827840000000000131e-01
2.100980999999999987e+00 -2.109270000000000034e-01
2.394492000000000065e+00 8.643370000000000219e-01
2.023918000000000106e+00 -7.576819999999999666e-01
-4.864720000000000155e-01 -2.390318999999999861e+00
-2.011130000000000084e+00 -1.371043999999999929e+00
2.244177999999999784e+00 1.191878999999999911e+00
-5.047900000000000303e-02 -2.261753999999999820e+00
-1.556685000000000096e+00 1.432530999999999999e+00
-2.207075999999999816e+00 8.555920000000000192e-01
1.005274999999999919e+00 2.346095000000000041e+00
-2.422642000000000184e+00 -3.078099999999999933e-02
-1.140635000000000066e+00 1.750636999999999999e+00
-1.795914000000000010e+00 -1.541579999999999950e+00
-2.041329000000000171e+00 -1.356022000000000061e+00
-2.119162999999999908e+00 2.121099999999999930e-01
-6.819159999999999666e-01 -2.282944999999999780e+00
-2.392800000000000135e-02 -2.470616999999999841e+00
1.229290999999999912e+00 -1.762957000000000107e+00
-2.176832000000000100e+00 -1.788929999999999965e-01
-2.186056000000000221e+00 1.022162999999999933e+00
-1.462016999999999900e+00 1.795549999999999979e+00
4.427619999999999889e-01 -2.502508999999999872e+00
-8.292439999999999811e-01 -1.925381999999999927e+00
2.315980999999999845e+00 9.162630000000000496e-01
-3.786470000000000113e-01 -2.190660999999999969e+00
1.690409999999999968e+00 1.392179000000000055e+00
-1.678312000000000026e+00 -1.391353000000000062e+00
-1.662400000000000100e+00 1.921581999999999901e+00
5.843949999999999978e-01 2.097745999999999889e+00
-5.034260000000000401e-01 -2.149608000000000185e+00
1.615974999999999939e+00 1.661882000000000081e+00
-1.642370000000000108e+00 -1.616686999999999985e+00
-2.089560000000000084e+00 4.485830000000000095e-01
2.161386999999999947e+00 1.045692000000000066e+00
2.043409000000000031e+00 4.541390000000000149e-01
1.761930999999999914e+00 1.521581999999999990e+00
-1.597007999999999983e+00 -1.971076000000000050e+00
-2.141240000000000088e-01 2.241582999999999881e+00
3.883480000000000265e-01 -2.332139000000000184e+00
2.061091999999999924e+00 4.741560000000000219e-01
1.637640999999999902e+00 -1.506283000000000039e+00
-1.483564000000000105e+00 -1.883631999999999973e+00
-8.773680000000000367e-01 2.219939000000000107e+00
9.303519999999999568e-01 -2.019051000000000151e+00
-2.345127000000000184e+00 -1.026600000000000082e-02
2.311828000000000216e+00 6.674489999999999590e-01
-2.411219000000000001e+00 1.508460000000000079e-01
-1.847820000000000018e-01 -2.475912000000000113e+00
2.212816999999999812e+00 9.595050000000000523e-01
1.854144999999999932e+00 -1.449829000000000034e+00
-4.328949999999999743e-01 -2.277820999999999874e+00
-1.706434000000000006e+00 1.759519000000000055e+00
3.170479999999999965e-01 2.178382000000000041e+00
-5.951330000000000231e-01 -2.049595000000000056e+00
-1.763233000000000050e+00 1.159211999999999909e+00
2.046075999999999784e+00 1.246850999999999932e+00
1.908230000000000093e+00 1.681364999999999998e+00
-1.194871000000000016e+00 2.093017999999999823e+00
1.426536999999999944e+00 -2.000071999999999850e+00
1.054241999999999901e+00 1.884997999999999951e+00
-6.957830000000000403e-01 -2.132044000000000050e+00
-1.986258000000000079e+00 -1.308032000000000084e+00
2.375662999999999858e+00 8.422770000000000534e-01
2.353212000000000081e+00 -2.895349999999999868e-01
-2.279671000000000003e+00 1.321620000000000017e-01
1.855366000000000071e+00 -1.720954000000000095e+00
1.692822999999999967e+00 1.865968999999999989e+00
-2.289032000000000178e+00 2.666870000000000074e-01
