-2.999569999999999736e-01 4.541600000000000081e-01
6.092520000000000158e-01 1.093579999999999969e-01
4.211130000000000151e-01 2.920200000000000018e-01
6.936900000000000288e-01 1.600850000000000051e-01
2.328369999999999884e-01 4.701940000000000008e-01
1.666159999999999863e-01 5.837539999999999951e-01
6.268719999999999848e-01 3.045169999999999821e-01
-4.566470000000000251e-01 3.769270000000000120e-01
-6.809650000000000425e-01 -8.084099999999999620e-02
4.286119999999999930e-01 4.144470000000000098e-01
6.397929999999999451e-01 2.910019999999999829e-01
5.955810000000000271e-01 1.571539999999999881e-01
6.418500000000000594e-02 5.497440000000000104e-01
5.383199999999999791e-02 4.670210000000000194e-01
-5.661260000000000181e-01 -9.104099999999999693e-02
6.533379999999999743e-01 2.657500000000000140e-02
-3.299039999999999750e-01 4.144419999999999771e-01
4.943170000000000064e-01 2.449520000000000031e-01
-5.604149999999999965e-01 9.947400000000000686e-02
-4.038169999999999815e-01 3.026880000000000126e-01
-6.535389999999999810e-01 -5.776200000000000084e-02
7.043810000000000349e-01 9.908200000000000340e-02
-4.094419999999999726e-01 2.871650000000000036e-01
6.376600000000000046e-01 1.689440000000000108e-01
7.748009999999999620e-01 -3.729400000000000076e-02
-6.197749999999999648e-01 -8.660299999999999943e-02
-5.826580000000000092e-01 8.913999999999999702e-02
-6.826670000000000238e-01 -1.250779999999999947e-01
-4.898310000000000164e-01 3.596260000000000012e-01
-4.832310000000000216e-01 1.453460000000000030e-01
5.937780000000000280e-01 1.331029999999999991e-01
-4.561370000000000147e-01 2.596530000000000227e-01
-2.505629999999999802e-01 3.780700000000000172e-01
3.552580000000000182e-01 5.106359999999999788e-01
2.400400000000000103e-02 5.819199999999999928e-01
-4.710579999999999767e-01 1.469360000000000110e-01
6.877959999999999630e-01 -2.022499999999999992e-02
1.115209999999999951e-01 4.690389999999999837e-01
1.860099999999999948e-02 5.339340000000000197e-01
2.904109999999999747e-01 4.807159999999999767e-01
-5.550559999999999938e-01 2.396189999999999987e-01
1.731779999999999986e-01 4.797850000000000170e-01
4.585730000000000084e-01 2.880860000000000087e-01
6.326600000000000001e-01 2.002980000000000038e-01
6.829749999999999988e-01 1.609549999999999870e-01
-9.583800000000000652e-02 4.299290000000000056e-01
5.180799999999999850e-01 2.638119999999999910e-01
2.197109999999999896e-01 5.084800000000000431e-01
1.760210000000000108e-01 4.560779999999999834e-01
-6.291860000000000230e-01 1.021500000000000047e-01
6.343079999999999830e-01 9.216100000000000680e-02
7.425770000000000426e-01 1.138569999999999999e-01
6.489239999999999453e-01 2.639929999999999777e-01
5.311500000000000249e-02 4.770900000000000141e-01
-3.341919999999999891e-01 4.400990000000000180e-01
1.166299999999999976e-01 5.272769999999999957e-01
-2.326120000000000132e-01 3.898530000000000051e-01
4.589199999999999946e-01 3.742190000000000238e-01
-5.779739999999999878e-01 -1.384360000000000035e-01
-4.958080000000000265e-01 2.497459999999999958e-01
4.997100000000000153e-02 5.988310000000000022e-01
7.277320000000000455e-01 -8.766999999999999793e-02
-4.823649999999999882e-01 1.095060000000000061e-01
-6.162819999999999965e-01 -9.889499999999999680e-02
-2.072070000000000023e-01 4.674849999999999839e-01
-4.253170000000000006e-01 2.658690000000000220e-01
1.465849999999999931e-01 4.191139999999999866e-01
-4.331650000000000222e-01 1.963050000000000073e-01
-4.851019999999999777e-01 3.259489999999999887e-01
7.225890000000000368e-01 1.681219999999999937e-01
6.890910000000000091e-01 1.133799999999999947e-01
-5.208829999999999849e-01 -7.995000000000000370e-03
-5.156380000000000408e-01 2.572880000000000167e-01
4.508329999999999838e-01 3.779640000000000222e-01
2.555799999999999739e-01 3.977490000000000192e-01
-6.111630000000000118e-01 2.018270000000000064e-01
2.069299999999999959e-02 4.660590000000000011e-01
6.106899999999999551e-01 6.603499999999999648e-02
3.138920000000000043e-01 3.943780000000000063e-01
-3.386770000000000058e-01 3.401799999999999824e-01
1.941549999999999943e-01 4.925379999999999758e-01
-4.858569999999999833e-01 8.579100000000000614e-02
-1.252379999999999882e-01 5.635839999999999739e-01
7.529329999999999634e-01 -4.805999999999999855e-02
6.558230000000000448e-01 1.313910000000000078e-01
5.840769999999999573e-01 3.426560000000000161e-01
2.525749999999999940e-01 3.925080000000000235e-01
5.782340000000000257e-01 2.687869999999999981e-01
4.326590000000000158e-01 3.918960000000000221e-01
-5.748050000000000104e-01 4.586900000000000005e-02
6.105099999999999971e-01 3.229679999999999773e-01
5.169110000000000094e-01 2.718149999999999733e-01
6.143950000000000244e-01 2.735279999999999934e-01
3.300719999999999765e-01 4.753560000000000008e-01
3.222900000000000070e-02 4.589610000000000078e-01
-6.497060000000000057e-01 -6.053999999999999659e-02
2.996039999999999814e-01 3.873940000000000161e-01
6.967229999999999812e-01 8.705499999999999350e-02
-1.214370000000000033e-01 4.998179999999999845e-01
1.062670000000000003e-01 5.868590000000000195e-01
4.786210000000000186e-01 4.385499999999999954e-01
5.587790000000000257e-01 1.714499999999999913e-01
7.104070000000000107e-01 4.438000000000000105e-03
4.737739999999999729e-01 3.026130000000000209e-01
7.077149999999999830e-01 -1.230239999999999945e-01
-3.061880000000000157e-01 4.503610000000000113e-01
5.409180000000000099e-01 1.785190000000000110e-01
-1.517789999999999973e-01 5.256870000000000154e-01
-4.242330000000000267e-01 1.879379999999999939e-01
-1.242570000000000063e-01 5.252090000000000369e-01
4.390569999999999751e-01 3.247129999999999739e-01
5.073090000000000099e-01 3.775160000000000182e-01
7.003599999999999826e-01 -1.374380000000000046e-01
-1.623719999999999886e-01 4.112460000000000004e-01
4.393139999999999823e-01 3.572899999999999965e-01
4.075980000000000159e-01 4.370160000000000156e-01
-4.264029999999999765e-01 1.965709999999999957e-01
-6.130179999999999518e-01 1.883519999999999917e-01
-3.066869999999999874e-01 4.090980000000000172e-01
-5.281350000000000211e-01 3.078960000000000030e-01
1.356569999999999998e-01 4.605460000000000109e-01
2.546800000000000175e-01 4.116799999999999904e-01
-3.931990000000000207e-01 2.865849999999999786e-01
5.706379999999999786e-01 2.960760000000000058e-01
7.045000000000000047e-03 5.210069999999999979e-01
8.784599999999999353e-02 5.705890000000000128e-01
6.460949999999999749e-01 -1.145420000000000049e-01
2.716250000000000053e-01 4.290749999999999842e-01
6.145140000000000047e-01 2.955150000000000277e-01
5.811680000000000179e-01 1.014290000000000053e-01
6.934970000000000301e-01 1.029420000000000057e-01
5.594839999999999813e-01 3.912550000000000194e-01
1.757769999999999888e-01 4.985979999999999857e-01
1.137969999999999954e-01 4.399100000000000232e-01
-4.469200000000000256e-02 4.956150000000000277e-01
4.478739999999999943e-01 4.116589999999999971e-01
8.822099999999999387e-02 4.527070000000000261e-01
-5.448290000000000077e-01 4.961499999999999938e-02
-4.081509999999999860e-01 1.998929999999999874e-01
4.420890000000000097e-01 3.749270000000000103e-01
-1.959490000000000121e-01 4.610159999999999814e-01
5.597969999999999891e-01 3.091860000000000164e-01
4.812279999999999891e-01 3.665129999999999777e-01
7.102089999999999792e-01 4.434899999999999953e-02
2.890389999999999904e-01 5.552839999999999998e-01
-4.176830000000000265e-01 2.176049999999999929e-01
3.331120000000000192e-01 4.110079999999999845e-01
6.426859999999999795e-01 -1.316799999999999915e-01
3.752400000000000180e-01 3.565710000000000268e-01
4.251210000000000266e-01 4.731509999999999883e-01
-6.102509999999999879e-01 1.388099999999999890e-01
-5.375039999999999818e-01 6.388699999999999934e-02
-6.385309999999999597e-01 1.417170000000000096e-01
-2.955360000000000209e-01 4.463260000000000005e-01
5.951049999999999951e-01 2.095700000000000063e-01
-4.863870000000000138e-01 2.793590000000000240e-01
-4.491599999999999759e-02 5.828919999999999657e-01
-7.444800000000000029e-02 4.311610000000000165e-01
-2.704540000000000277e-01 4.107219999999999760e-01
-1.596889999999999976e-01 5.593479999999999563e-01
-5.936799999999999855e-01 2.267639999999999934e-01
3.491099999999999759e-01 3.965279999999999916e-01
-5.032389999999999919e-01 1.497479999999999922e-01
7.011070000000000357e-01 -5.181999999999999801e-02
5.450660000000000505e-01 2.288580000000000059e-01
6.952080000000000481e-01 1.513699999999999941e-02
6.615919999999999579e-01 1.927869999999999862e-01
4.222360000000000002e-01 3.401980000000000004e-01
6.710359999999999658e-01 -1.063039999999999957e-01
-5.361350000000000282e-01 -1.495319999999999983e-01
5.241019999999999568e-01 2.177209999999999979e-01
3.390400000000000080e-01 4.682259999999999756e-01
-5.191369999999999596e-01 8.928899999999999337e-02
-5.252099999999999547e-01 1.112260000000000054e-01
3.840649999999999897e-01 3.718540000000000179e-01
-5.811479999999999979e-01 4.740099999999999869e-02
4.626190000000000024e-01 3.834600000000000231e-01
-6.624210000000000376e-01 -9.535799999999999832e-02
6.970509999999999762e-01 -9.135300000000000364e-02
-5.363759999999999639e-01 2.538679999999999826e-01
2.300100000000000061e-02 4.878020000000000134e-01
4.696779999999999844e-01 4.711560000000000192e-01
3.355560000000000209e-01 4.988890000000000269e-01
1.357949999999999990e-01 4.677859999999999796e-01
7.380090000000000261e-01 -1.176709999999999978e-01
-4.600090000000000012e-01 3.353410000000000002e-01
6.597070000000000434e-01 -9.491399999999999837e-02
7.399040000000000061e-01 -1.076610000000000067e-01
3.660000000000000059e-03 4.429830000000000156e-01
1.665250000000000064e-01 4.602419999999999844e-01
-3.338599999999999901e-02 5.862629999999999786e-01
-4.518960000000000199e-01 2.314440000000000108e-01
6.268029999999999990e-01 -6.131799999999999751e-02
-2.901139999999999830e-01 4.429819999999999869e-01
-5.930429999999999868e-01 1.202030000000000043e-01
6.679819999999999647e-01 1.248269999999999935e-01
4.143709999999999893e-01 4.994999999999999996e-01
1.523750000000000104e-01 4.558829999999999827e-01
-1.227329999999999949e-01 5.580380000000000340e-01
6.355239999999999778e-01 -1.037310000000000038e-01
-3.222110000000000252e-01 3.761789999999999856e-01
-2.713119999999999976e-01 4.054070000000000173e-01
4.348670000000000035e-01 4.478829999999999756e-01
7.855720000000000480e-01 -1.051710000000000006e-01
-4.664130000000000220e-01 3.443089999999999762e-01
-3.215250000000000052e-01 4.306119999999999948e-01
-6.070510000000000073e-01 9.505900000000000460e-02
4.530020000000000158e-01 3.841069999999999762e-01
-1.702529999999999877e-01 4.851119999999999877e-01
6.211290000000000422e-01 2.613039999999999807e-01
-2.934379999999999766e-01 4.943830000000000169e-01
5.345459999999999656e-01 1.606829999999999925e-01
4.427600000000000285e-02 5.099029999999999951e-01
-4.121290000000000231e-01 3.035200000000000120e-01
5.845939999999999470e-01 3.242940000000000267e-01
-4.810969999999999969e-01 2.657919999999999727e-01
6.684560000000000501e-01 6.684400000000000064e-02
-3.455949999999999855e-01 4.447470000000000034e-01
-6.641500000000000181e-01 2.421900000000000094e-02
6.696790000000000243e-01 6.961000000000000174e-03
-2.790030000000000010e-01 3.776370000000000005e-01
-3.690689999999999804e-01 3.414559999999999818e-01
-2.050579999999999903e-01 4.688350000000000017e-01
6.897060000000000413e-01 2.414409999999999890e-01
2.046830000000000038e-01 4.292170000000000152e-01
3.050370000000000026e-01 4.473520000000000274e-01
-5.460509999999999531e-01 1.880699999999999872e-01
-3.859830000000000205e-01 3.722019999999999773e-01
4.492050000000000209e-01 3.756889999999999952e-01
2.474200000000000010e-01 5.456710000000000171e-01
-4.238589999999999858e-01 3.780649999999999844e-01
-3.364309999999999801e-01 3.973470000000000057e-01
2.836899999999999838e-02 5.017719999999999958e-01
-8.806999999999999551e-02 4.649240000000000039e-01
6.438660000000000494e-01 -1.141579999999999956e-01
6.476129999999999942e-01 -1.478720000000000034e-01
9.384599999999999886e-02 5.317979999999999929e-01
6.963479999999999670e-01 1.321489999999999887e-01
3.166140000000000065e-01 4.543610000000000149e-01
-4.299490000000000256e-01 3.439829999999999832e-01
6.248019999999999685e-01 2.111300000000000121e-01
-5.560370000000000035e-01 -1.098760000000000014e-01
5.728229999999999711e-01 1.842380000000000129e-01
5.864599999999999674e-02 5.580929999999999502e-01
4.159749999999999837e-01 4.305640000000000023e-01
-9.799099999999999477e-02 4.507820000000000160e-01
6.572850000000000081e-01 -9.560200000000000642e-02
-1.587099999999999969e-02 5.478840000000000376e-01
7.540390000000000148e-01 -3.020700000000000121e-02
6.268669999999999520e-01 1.988109999999999877e-01
7.477930000000000410e-01 1.086329999999999935e-01
5.039989999999999748e-01 3.820399999999999907e-01
-3.071050000000000169e-01 4.970530000000000226e-01
6.558760000000000145e-01 6.337999999999999884e-03
5.302499999999999991e-01 2.397259999999999946e-01
-6.290379999999999860e-01 1.081450000000000050e-01
-6.453579999999999872e-01 8.780499999999999416e-02
5.374100000000000543e-01 2.750739999999999852e-01
3.366149999999999975e-01 5.233970000000000011e-01
4.329160000000000230e-01 3.514900000000000246e-01
-2.613400000000000167e-01 3.599040000000000017e-01
3.230939999999999923e-01 3.772159999999999958e-01
6.515980000000000105e-01 -4.256999999999999673e-02
-5.952840000000000353e-01 6.250799999999999412e-02
-6.554879999999999596e-01 1.723600000000000132e-02
-1.672549999999999870e-01 4.934509999999999730e-01
-2.433530000000000137e-01 5.221590000000000398e-01
1.112790000000000029e-01 5.698689999999999589e-01
2.465980000000000116e-01 4.559239999999999959e-01
-1.778869999999999896e-01 3.850270000000000081e-01
-5.193010000000000126e-01 9.768100000000000394e-02
-2.996210000000000262e-01 4.579949999999999855e-01
3.651420000000000221e-01 3.497109999999999941e-01
-4.939589999999999814e-01 1.999410000000000076e-01
-5.354430000000000023e-01 -1.312899999999999900e-01
-5.585839999999999694e-01 -6.086400000000000143e-02
-2.715440000000000076e-01 4.609099999999999864e-01
5.126469999999999638e-01 2.963959999999999928e-01
4.283120000000000260e-01 4.036370000000000235e-01
-3.453510000000000191e-01 3.950739999999999807e-01
-2.548039999999999750e-01 4.496839999999999726e-01
4.662760000000000238e-01 4.168870000000000076e-01
6.522620000000000084e-01 2.391850000000000087e-01
5.729819999999999913e-01 1.236830000000000013e-01
4.204280000000000239e-01 3.646610000000000129e-01
3.538100000000000273e-02 5.607889999999999819e-01
4.499299999999999966e-01 4.105130000000000168e-01
-1.403399999999999925e-01 4.679360000000000186e-01
-3.590050000000000185e-01 3.534499999999999864e-01
2.678630000000000178e-01 5.382580000000000142e-01
6.668300000000000616e-02 5.879159999999999942e-01
7.081490000000000284e-01 -7.624999999999999833e-03
3.677989999999999871e-01 3.688310000000000199e-01
-5.287380000000000413e-01 8.699999999999999400e-02
-4.027009999999999756e-01 2.395450000000000079e-01
2.049330000000000040e-01 5.276089999999999947e-01
6.539610000000000145e-01 4.131499999999999756e-02
1.376769999999999938e-01 5.419680000000000053e-01
-5.337749999999999995e-01 2.778280000000000194e-01
2.485320000000000029e-01 4.683849999999999958e-01
-6.190750000000000419e-01 -8.153199999999999337e-02
2.092320000000000013e-01 4.349600000000000133e-01
7.547700000000000242e-02 4.655420000000000114e-01
2.568259999999999987e-01 5.176899999999999835e-01
-5.919529999999999514e-01 6.799000000000000356e-03
-2.226700000000000068e-01 4.421959999999999780e-01
3.633499999999999924e-02 5.108970000000000455e-01
-3.354599999999999804e-01 3.061119999999999952e-01
7.923229999999999995e-01 -1.007880000000000026e-01
4.534790000000000210e-01 4.491410000000000124e-01
2.920530000000000070e-01 4.708229999999999915e-01
6.676330000000000320e-01 3.277299999999999658e-02
3.116010000000000169e-01 4.836960000000000148e-01
6.858509999999999884e-01 1.530430000000000124e-01
6.137930000000000330e-01 1.078459999999999974e-01
2.349569999999999992e-01 4.858390000000000208e-01
-5.578429999999999778e-01 2.568270000000000275e-01
6.041050000000000031e-01 2.451659999999999950e-01
5.484179999999999611e-01 3.609269999999999978e-01
2.304000000000000058e-03 5.844190000000000218e-01
-1.299119999999999997e-01 3.988249999999999851e-01
5.736839999999999717e-01 2.424010000000000054e-01
6.271550000000000180e-01 2.159310000000000118e-01
-5.973559999999999981e-01 -1.353159999999999918e-01
5.743960000000000177e-01 2.540729999999999933e-01
1.387990000000000057e-01 5.533160000000000300e-01
3.035260000000000180e-01 4.039209999999999745e-01
-2.523500000000000049e-02 4.550179999999999780e-01
-4.617370000000000085e-01 2.202030000000000098e-01
6.825560000000000516e-01 2.270369999999999888e-01
5.979399999999999993e-02 4.729209999999999803e-01
-4.468619999999999814e-01 3.884569999999999967e-01
1.232899999999999968e-01 5.144619999999999749e-01
3.048100000000000115e-02 4.628729999999999789e-01
-1.052379999999999982e-01 4.912750000000000172e-01
-2.528549999999999964e-01 3.685990000000000100e-01
-5.199300000000000033e-01 2.061570000000000069e-01
-2.900220000000000020e-01 3.832420000000000271e-01
4.893299999999999872e-01 3.228889999999999816e-01
5.265119999999999800e-01 3.874480000000000146e-01
-5.366480000000000139e-01 -9.474000000000000477e-02
-6.536049999999999915e-01 7.628999999999999670e-02
-2.683240000000000069e-01 4.971610000000000196e-01
6.784299999999999775e-01 -1.207420000000000021e-01
2.952799999999999869e-01 3.947479999999999878e-01
7.183599999999999985e-01 -1.191299999999999998e-02
-5.909400000000000208e-01 1.257979999999999932e-01
-8.864400000000000057e-02 5.241569999999999840e-01
-1.879720000000000002e-01 4.028329999999999966e-01
-2.690330000000000221e-01 4.369999999999999996e-01
7.015649999999999942e-01 -1.071769999999999945e-01
6.378519999999999746e-01 -9.706700000000000050e-02
-6.428099999999999925e-01 1.340040000000000120e-01
6.562580000000000080e-01 9.553699999999999692e-02
-2.732609999999999761e-01 4.882360000000000033e-01
6.179839999999999778e-01 1.292280000000000095e-01
6.491639999999999633e-01 4.545699999999999741e-02
6.430460000000000065e-01 2.980200000000000071e-01
6.787400000000000100e-01 -5.766500000000000098e-02
4.668070000000000275e-01 4.131580000000000252e-01
4.715920000000000112e-01 2.438190000000000079e-01
3.949509999999999965e-01 3.627110000000000056e-01
-6.691840000000000011e-01 -5.161000000000000310e-02
7.865050000000000097e-01 -7.607600000000000473e-02
-2.189290000000000125e-01 3.751019999999999910e-01
-1.849999999999999908e-02 5.016000000000000458e-01
6.825160000000000116e-01 -4.084399999999999836e-02
-4.680230000000000223e-01 2.539980000000000016e-01
1.645699999999999941e-02 5.189129999999999576e-01
-5.094589999999999952e-01 3.819199999999999678e-02
6.791500000000000314e-01 1.996840000000000004e-01
-6.810049999999999715e-01 1.653800000000000062e-02
7.101899999999999880e-01 -6.154999999999999881e-03
-2.920960000000000223e-01 4.523769999999999736e-01
6.000750000000000250e-01 2.737700000000000133e-01
