1.491099999999999959e+01 -5.048600000000000421e+00
1.339600000000000080e+01 -7.066399999999999793e+00
1.301299999999999990e+01 -4.936200000000000365e+00
1.506000000000000050e+01 -3.587099999999999955e+00
1.623799999999999955e+01 -8.299099999999999255e+00
1.230899999999999928e+01 -4.037399999999999878e+00
1.562599999999999945e+01 -5.769999999999999574e+00
1.405700000000000038e+01 -3.674100000000000144e+00
7.277000000000000135e+00 -3.459499999999999797e+00
1.406199999999999939e+01 -6.123400000000000176e+00
1.681700000000000017e+01 -7.992499999999999716e+00
1.425900000000000034e+01 -5.728399999999999714e+00
1.375500000000000078e+01 -4.901200000000000223e+00
1.655099999999999838e+01 -6.035700000000000287e+00
1.376500000000000057e+01 -4.855500000000000149e+00
1.092999999999999972e+01 -4.214500000000000135e+00
1.987900000000000134e+01 -8.254300000000000637e+00
1.788100000000000023e+01 -6.268600000000000172e+00
1.279299999999999926e+01 -5.128300000000000303e+00
1.194500000000000028e+01 -5.296899999999999942e+00
1.202100000000000080e+01 -4.009999999999999787e+00
1.297700000000000031e+01 -5.554100000000000037e+00
1.598399999999999999e+01 -7.397999999999999687e+00
1.270400000000000063e+01 -3.517399999999999860e+00
1.709499999999999886e+01 -7.693900000000000183e+00
1.465700000000000003e+01 -6.215900000000000425e+00
1.711499999999999844e+01 -5.506499999999999950e+00
9.832800000000000651e+00 -2.935000000000000053e+00
1.213400000000000034e+01 -4.360000000000000320e+00
1.466000000000000014e+01 -4.257399999999999629e+00
1.311999999999999922e+01 -4.347699999999999676e+00
1.086599999999999966e+01 -6.649899999999999700e+00
1.041900000000000048e+01 -3.271100000000000119e+00
1.616499999999999915e+01 -6.262100000000000222e+00
1.143599999999999994e+01 -4.888600000000000279e+00
1.679200000000000159e+01 -7.472900000000000098e+00
1.488599999999999923e+01 -6.382200000000000095e+00
1.383699999999999974e+01 -7.445199999999999818e+00
1.392200000000000060e+01 -6.971000000000000085e+00
1.830199999999999960e+01 -6.774300000000000210e+00
1.147600000000000087e+01 -3.561399999999999899e+00
1.556300000000000061e+01 -6.053099999999999703e+00
1.473300000000000054e+01 -7.166900000000000048e+00
1.432600000000000051e+01 -7.336999999999999744e+00
1.347700000000000031e+01 -4.823999999999999844e+00
1.709499999999999886e+01 -6.896200000000000330e+00
1.447600000000000087e+01 -5.226499999999999702e+00
1.044400000000000084e+01 -3.794299999999999784e+00
1.715599999999999881e+01 -6.713099999999999845e+00
1.197899999999999920e+01 -3.643899999999999917e+00
1.746999999999999886e+01 -7.585300000000000153e+00
1.295599999999999952e+01 -4.994699999999999918e+00
1.360800000000000054e+01 -4.486799999999999677e+00
1.245100000000000051e+01 -4.295099999999999696e+00
1.473499999999999943e+01 -6.002200000000000202e+00
1.498700000000000010e+01 -5.787899999999999601e+00
1.520599999999999952e+01 -4.684899999999999842e+00
2.189000000000000057e+01 -1.029499999999999993e+01
1.329299999999999926e+01 -5.514499999999999957e+00
1.171000000000000085e+01 -2.979699999999999793e+00
1.340399999999999991e+01 -5.471599999999999575e+00
1.400500000000000078e+01 -5.479300000000000281e+00
1.417200000000000060e+01 -5.435900000000000176e+00
1.329199999999999982e+01 -5.386300000000000310e+00
1.723000000000000043e+01 -6.149000000000000021e+00
1.705099999999999838e+01 -8.706599999999999895e+00
1.214100000000000001e+01 -4.181099999999999817e+00
1.163899999999999935e+01 -5.183200000000000252e+00
1.670100000000000051e+01 -7.450300000000000367e+00
1.605499999999999972e+01 -7.778299999999999770e+00
1.424300000000000033e+01 -3.101999999999999869e+00
1.643199999999999861e+01 -6.764800000000000146e+00
1.369899999999999984e+01 -4.267900000000000027e+00
1.505000000000000071e+01 -3.503499999999999837e+00
1.689600000000000080e+01 -7.353799999999999670e+00
1.617899999999999849e+01 -5.253599999999999604e+00
1.522400000000000020e+01 -6.248499999999999943e+00
1.347199999999999953e+01 -5.239399999999999835e+00
1.507600000000000051e+01 -5.021499999999999631e+00
1.730000000000000071e+01 -7.713700000000000223e+00
1.412199999999999989e+01 -6.403500000000000192e+00
1.230400000000000027e+01 -4.814700000000000202e+00
1.700100000000000122e+01 -6.062599999999999767e+00
1.173000000000000043e+01 -3.653799999999999937e+00
1.391200000000000081e+01 -6.689400000000000013e+00
1.237299999999999933e+01 -5.215900000000000425e+00
2.145899999999999963e+01 -8.409100000000000463e+00
1.338400000000000034e+01 -6.666199999999999903e+00
1.542099999999999937e+01 -5.421100000000000030e+00
1.420899999999999963e+01 -6.256700000000000372e+00
1.438499999999999979e+01 -6.460300000000000153e+00
1.433000000000000007e+01 -7.011599999999999611e+00
1.407499999999999929e+01 -4.411500000000000199e+00
1.374799999999999933e+01 -6.985899999999999999e+00
1.126999999999999957e+01 -1.608800000000000008e+00
1.308000000000000007e+01 -6.164299999999999891e+00
1.653200000000000003e+01 -7.644700000000000273e+00
1.107099999999999973e+01 -4.711000000000000298e+00
1.201699999999999946e+01 -5.729000000000000092e+00
1.646499999999999986e+01 -6.964900000000000091e+00
1.393800000000000061e+01 -3.672299999999999898e+00
1.587500000000000000e+01 -6.356099999999999639e+00
1.446499999999999986e+01 -4.424800000000000288e+00
1.321299999999999919e+01 -4.287399999999999878e+00
1.729400000000000048e+01 -5.293899999999999828e+00
1.599200000000000088e+01 -8.496800000000000352e+00
1.210500000000000043e+01 -1.890499999999999958e-01
1.150099999999999945e+01 -4.124500000000000277e+00
1.396499999999999986e+01 -4.662700000000000067e+00
2.078699999999999903e+01 -1.024600000000000044e+01
1.763500000000000156e+01 -8.481500000000000483e+00
1.338299999999999912e+01 -5.810299999999999798e+00
1.099200000000000088e+01 -5.783500000000000085e+00
1.739399999999999835e+01 -5.627200000000000202e+00
1.657799999999999940e+01 -7.236299999999999955e+00
1.175999999999999979e+01 -4.238400000000000389e+00
1.165300000000000047e+01 -4.634400000000000297e+00
1.325099999999999945e+01 -5.058099999999999596e+00
1.794200000000000017e+01 -8.257600000000000051e+00
1.719300000000000139e+01 -4.128999999999999559e+00
1.435599999999999987e+01 -7.480199999999999960e+00
1.672700000000000031e+01 -7.483799999999999564e+00
1.326500000000000057e+01 -6.555399999999999672e+00
1.341699999999999982e+01 -5.539500000000000313e+00
2.005799999999999983e+01 -6.997099999999999653e+00
1.799599999999999866e+01 -7.231499999999999595e+00
1.394599999999999973e+01 -4.605400000000000382e+00
2.005600000000000094e+01 -9.781700000000000728e+00
1.319299999999999962e+01 -6.697700000000000209e+00
1.032300000000000040e+01 -3.777000000000000135e+00
1.562899999999999956e+01 -7.267699999999999605e+00
1.419899999999999984e+01 -5.482400000000000162e+00
1.476299999999999990e+01 -7.110100000000000087e+00
1.477399999999999913e+01 -6.412799999999999834e+00
1.563799999999999990e+01 -6.173199999999999577e+00
1.945299999999999940e+01 -7.054100000000000037e+00
1.233500000000000085e+01 -6.850600000000000023e+00
1.388400000000000034e+01 -4.620000000000000107e+00
1.744099999999999895e+01 -5.507399999999999629e+00
1.660600000000000165e+01 -8.188499999999999446e+00
1.629700000000000060e+01 -6.578899999999999970e+00
1.865299999999999869e+01 -8.142200000000000770e+00
1.805600000000000094e+01 -7.660800000000000054e+00
1.122100000000000009e+01 -3.769899999999999807e+00
1.598000000000000043e+01 -6.487599999999999589e+00
1.370299999999999940e+01 -4.005799999999999805e+00
1.410299999999999976e+01 -5.297799999999999621e+00
1.846399999999999864e+01 -7.277099999999999902e+00
1.833200000000000074e+01 -6.673399999999999999e+00
1.399099999999999966e+01 -6.792099999999999582e+00
1.548900000000000077e+01 -6.120499999999999829e+00
1.594500000000000028e+01 -5.991600000000000037e+00
1.909299999999999997e+01 -9.861499999999999488e+00
1.722599999999999909e+01 -1.021299999999999919e+01
1.202100000000000080e+01 -4.149600000000000399e+00
1.628999999999999915e+01 -8.099500000000000810e+00
1.199799999999999933e+01 -3.644899999999999807e+00
1.964099999999999824e+01 -8.056400000000000006e+00
1.541699999999999982e+01 -8.183199999999999363e+00
1.391399999999999970e+01 -7.039799999999999613e+00
1.591600000000000037e+01 -4.973900000000000432e+00
1.415199999999999925e+01 -6.438500000000000334e+00
1.345899999999999963e+01 -7.094599999999999795e+00
1.216000000000000014e+01 -5.552500000000000213e+00
1.732600000000000051e+01 -4.721000000000000085e+00
1.266399999999999970e+01 -3.617500000000000160e+00
1.127500000000000036e+01 -6.519099999999999895e+00
1.719699999999999918e+01 -5.905899999999999928e+00
1.341699999999999982e+01 -4.445800000000000196e+00
1.578500000000000014e+01 -6.579200000000000159e+00
1.531199999999999939e+01 -5.342299999999999827e+00
1.607600000000000051e+01 -6.347299999999999720e+00
1.508799999999999919e+01 -6.436499999999999666e+00
1.373199999999999932e+01 -4.844599999999999795e+00
1.378299999999999947e+01 -4.916500000000000092e+00
1.203899999999999970e+01 -6.214100000000000179e+00
1.232499999999999929e+01 -3.604000000000000092e+00
1.631200000000000117e+01 -7.294200000000000017e+00
1.193599999999999994e+01 -5.424599999999999866e+00
1.446799999999999997e+01 -6.490400000000000169e+00
1.425399999999999956e+01 -6.430299999999999905e+00
1.574600000000000044e+01 -3.563400000000000123e+00
1.291200000000000081e+01 -6.271799999999999820e+00
1.224499999999999922e+01 -5.128400000000000070e+00
1.551800000000000068e+01 -5.851099999999999746e+00
1.446199999999999974e+01 -4.753999999999999559e+00
1.469999999999999929e+01 -6.426999999999999602e+00
1.505599999999999916e+01 -6.021200000000000330e+00
1.394999999999999929e+01 -6.671599999999999753e+00
1.874200000000000088e+01 -8.239000000000000767e+00
1.349399999999999977e+01 -5.352699999999999569e+00
1.689399999999999835e+01 -8.096399999999999153e+00
1.371000000000000085e+01 -6.337500000000000355e+00
1.044899999999999984e+01 -5.654399999999999871e+00
1.504299999999999926e+01 -7.267999999999999794e+00
1.134299999999999997e+01 -4.597999999999999865e+00
1.700300000000000011e+01 -8.128299999999999415e+00
1.960200000000000031e+01 -8.807100000000000151e+00
1.620499999999999829e+01 -4.560800000000000409e+00
1.719699999999999918e+01 -1.042999999999999972e+01
2.040099999999999980e+01 -5.357700000000000351e+00
1.093500000000000050e+01 -4.153500000000000192e+00
1.901300000000000168e+01 -7.601099999999999746e+00
1.120800000000000018e+01 -4.389199999999999768e+00
1.062899999999999956e+01 -5.192800000000000082e+00
1.457699999999999996e+01 -4.395800000000000374e+00
1.044599999999999973e+01 -2.968300000000000161e+00
1.567200000000000060e+01 -5.457799999999999763e+00
1.357399999999999984e+01 -5.355900000000000105e+00
1.464700000000000024e+01 -6.347999999999999865e+00
1.582099999999999973e+01 -6.111900000000000333e+00
1.587299999999999933e+01 -5.417399999999999771e+00
1.382799999999999940e+01 -8.535800000000000054e+00
1.450999999999999979e+01 -3.840599999999999792e+00
1.331499999999999950e+01 -8.179600000000000648e+00
1.537700000000000067e+01 -8.874299999999999855e+00
1.515900000000000070e+01 -8.719599999999999795e+00
1.400300000000000011e+01 -7.594599999999999795e+00
1.718499999999999872e+01 -6.959500000000000242e+00
1.722400000000000020e+01 -7.463899999999999757e+00
1.578700000000000081e+01 -7.350100000000000300e+00
1.646199999999999974e+01 -5.398100000000000342e+00
1.209800000000000075e+01 -2.135699999999999932e+00
1.171100000000000030e+01 -5.990800000000000125e+00
1.507099999999999973e+01 -4.168000000000000149e+00
1.360399999999999920e+01 -3.246500000000000163e+00
2.015899999999999892e+01 -6.527400000000000091e+00
1.278400000000000070e+01 -2.393699999999999939e+00
1.228800000000000026e+01 -3.986800000000000122e+00
1.693400000000000105e+01 -9.051899999999999835e+00
1.556700000000000017e+01 -4.379500000000000171e+00
1.587899999999999956e+01 -8.229100000000000747e+00
1.599099999999999966e+01 -8.773799999999999599e+00
1.681299999999999883e+01 -9.320499999999999119e+00
1.236100000000000065e+01 -2.117399999999999949e+00
1.663800000000000168e+01 -6.245000000000000107e+00
1.732600000000000051e+01 -8.168599999999999639e+00
1.430000000000000071e+01 -4.793999999999999595e+00
1.642800000000000082e+01 -6.152300000000000324e+00
1.535500000000000043e+01 -6.612300000000000288e+00
1.432799999999999940e+01 -6.861900000000000333e+00
1.158099999999999952e+01 -4.847400000000000375e+00
1.580499999999999972e+01 -6.079699999999999882e+00
1.732499999999999929e+01 -6.096799999999999997e+00
1.422400000000000020e+01 -6.093099999999999739e+00
1.531300000000000061e+01 -6.545300000000000118e+00
1.769500000000000028e+01 -6.516200000000000436e+00
1.601699999999999946e+01 -7.207699999999999996e+00
1.372899999999999920e+01 -6.664699999999999847e+00
1.615099999999999980e+01 -7.163999999999999702e+00
1.737099999999999866e+01 -7.043499999999999872e+00
1.224799999999999933e+01 -3.797000000000000153e+00
1.557699999999999996e+01 -5.516200000000000436e+00
1.477899999999999991e+01 -5.392599999999999838e+00
1.839499999999999957e+01 -9.954700000000000770e+00
1.753200000000000003e+01 -8.530499999999999972e+00
1.215799999999999947e+01 -3.991899999999999782e+00
1.527200000000000024e+01 -3.548200000000000021e+00
1.726399999999999935e+01 -6.242300000000000182e+00
1.718199999999999861e+01 -6.529399999999999871e+00
1.549200000000000088e+01 -5.108100000000000307e+00
1.559299999999999997e+01 -8.038899999999999935e+00
1.291900000000000048e+01 -2.653900000000000148e+00
1.564899999999999913e+01 -6.512800000000000367e+00
1.433200000000000074e+01 -3.183300000000000018e+00
1.398300000000000054e+01 -4.802599999999999980e+00
1.502299999999999969e+01 -5.059999999999999609e+00
1.107799999999999940e+01 -4.098700000000000010e+00
1.551299999999999990e+01 -6.745300000000000296e+00
1.181300000000000061e+01 -4.717399999999999594e+00
1.536200000000000010e+01 -6.365300000000000402e+00
7.991600000000000037e+00 -5.130499999999999616e+00
1.615200000000000102e+01 -7.351200000000000401e+00
1.377399999999999913e+01 -5.181799999999999962e+00
1.333699999999999974e+01 -3.072400000000000020e+00
1.329599999999999937e+01 -5.459699999999999775e+00
1.366699999999999982e+01 -2.433499999999999996e+00
1.574399999999999977e+01 -6.856700000000000017e+00
1.270800000000000018e+01 -5.798899999999999721e+00
1.155799999999999983e+01 -3.189900000000000180e+00
1.584800000000000075e+01 -4.773299999999999876e+00
1.601200000000000045e+01 -8.961399999999999366e+00
1.325300000000000011e+01 -6.877299999999999969e+00
1.150500000000000078e+01 -3.213499999999999801e+00
1.857999999999999829e+01 -7.512100000000000222e+00
1.519500000000000028e+01 -7.359700000000000131e+00
1.375000000000000000e+01 -7.974800000000000111e+00
1.411700000000000088e+01 -4.576500000000000234e+00
1.598799999999999955e+01 -7.391099999999999781e+00
1.559999999999999964e+01 -6.351600000000000357e+00
1.328800000000000026e+01 -6.139599999999999724e+00
1.660699999999999932e+01 -5.162899999999999601e+00
1.416399999999999970e+01 -3.256499999999999950e+00
1.246499999999999986e+01 -4.533100000000000129e+00
1.707499999999999929e+01 -5.236600000000000144e+00
1.148900000000000077e+01 -3.892700000000000049e+00
1.608800000000000097e+01 -5.877100000000000435e+00
1.417300000000000004e+01 -4.508300000000000196e+00
1.474099999999999966e+01 -5.283299999999999663e+00
1.455000000000000071e+01 -6.524000000000000021e+00
1.304100000000000037e+01 -4.886099999999999888e+00
1.327699999999999925e+01 -7.060100000000000264e+00
1.604700000000000060e+01 -7.264499999999999957e+00
1.050200000000000067e+01 -6.210700000000000109e+00
1.558500000000000085e+01 -6.425099999999999589e+00
1.734799999999999898e+01 -6.122200000000000308e+00
1.288100000000000023e+01 -5.131099999999999994e+00
1.550799999999999912e+01 -6.226899999999999658e+00
1.638400000000000034e+01 -5.358500000000000263e+00
1.631200000000000117e+01 -6.399499999999999744e+00
1.873799999999999955e+01 -8.243299999999999628e+00
1.327299999999999969e+01 -6.227699999999999569e+00
1.939000000000000057e+01 -7.845799999999999663e+00
1.501600000000000001e+01 -5.778800000000000381e+00
1.372799999999999976e+01 -4.557400000000000340e+00
1.679500000000000171e+01 -7.077700000000000102e+00
1.339100000000000001e+01 -4.698100000000000165e+00
1.552699999999999925e+01 -5.991600000000000037e+00
1.187899999999999956e+01 -5.344999999999999751e+00
1.554400000000000048e+01 -6.099300000000000388e+00
1.748600000000000065e+01 -4.718799999999999883e+00
1.405300000000000082e+01 -6.232899999999999885e+00
1.759400000000000119e+01 -6.920099999999999696e+00
1.469800000000000040e+01 -5.628499999999999837e+00
1.748799999999999955e+01 -8.232300000000000395e+00
1.616600000000000037e+01 -4.826500000000000234e+00
1.820499999999999829e+01 -7.849700000000000344e+00
1.505700000000000038e+01 -7.095299999999999940e+00
1.307699999999999996e+01 -6.995800000000000018e+00
1.412700000000000067e+01 -3.086800000000000210e+00
1.363000000000000078e+01 -5.321100000000000385e+00
1.383799999999999919e+01 -4.919100000000000250e+00
1.263899999999999935e+01 -2.562100000000000044e+00
1.796900000000000119e+01 -7.881099999999999994e+00
1.515799999999999947e+01 -5.644000000000000128e+00
1.582000000000000028e+01 -3.236000000000000210e+00
1.481199999999999939e+01 -5.589299999999999713e+00
1.349300000000000033e+01 -6.411699999999999733e+00
1.305899999999999928e+01 -6.155899999999999928e+00
1.311899999999999977e+01 -6.213599999999999568e+00
9.504099999999999326e+00 -4.945999999999999730e+00
1.425200000000000067e+01 -5.792399999999999771e+00
1.660399999999999920e+01 -5.921400000000000219e+00
1.270199999999999996e+01 -5.195400000000000240e+00
1.092099999999999937e+01 -3.576900000000000190e+00
1.602799999999999869e+01 -6.717500000000000249e+00
1.713899999999999935e+01 -5.430100000000000371e+00
1.566399999999999970e+01 -5.076999999999999957e+00
8.837300000000000821e+00 -2.328399999999999803e+00
1.332099999999999973e+01 -4.740199999999999747e+00
1.632700000000000173e+01 -6.540000000000000036e+00
1.620700000000000074e+01 -4.983600000000000030e+00
1.678699999999999903e+01 -5.250899999999999679e+00
1.470599999999999952e+01 -7.062400000000000233e+00
1.989300000000000068e+01 -5.532399999999999984e+00
1.765599999999999881e+01 -7.066699999999999982e+00
1.058399999999999963e+01 -2.339500000000000135e+00
9.733700000000000685e+00 -3.596200000000000063e+00
1.400900000000000034e+01 -5.829500000000000348e+00
1.410200000000000031e+01 -5.101499999999999702e+00
1.611100000000000065e+01 -5.033100000000000129e+00
1.568399999999999928e+01 -6.877600000000000158e+00
1.444200000000000017e+01 -8.061600000000000321e+00
1.688700000000000045e+01 -6.228699999999999903e+00
1.603500000000000014e+01 -7.409099999999999575e+00
1.332399999999999984e+01 -5.385500000000000398e+00
1.353299999999999947e+01 -6.560100000000000264e+00
1.502599999999999980e+01 -6.943100000000000271e+00
1.652799999999999869e+01 -5.998099999999999987e+00
1.512100000000000044e+01 -5.643099999999999561e+00
1.575799999999999912e+01 -7.822099999999999831e+00
1.393999999999999950e+01 -4.144199999999999662e+00
1.153400000000000070e+01 -4.496000000000000441e+00
1.438299999999999912e+01 -5.769800000000000040e+00
1.405599999999999916e+01 -5.063699999999999868e+00
