-1.311199999999999866e-01 -9.149900000000000588e+00
-4.517100000000000115e+00 -5.155800000000000161e+00
-5.543800000000000061e+00 -4.787600000000000300e+00
-7.250499999999999723e+00 -2.228099999999999969e+00
-3.256800000000000139e+00 -5.125399999999999956e+00
-1.739200000000000079e+00 -7.933600000000000207e+00
-4.715099999999999625e+00 -2.398800000000000043e+00
3.533399999999999874e-01 -9.221600000000000463e+00
-5.757299999999999862e+00 -2.016000000000000014e+00
-4.786500000000000199e+00 -7.041100000000000136e+00
-1.157200000000000006e+00 -7.331000000000000405e+00
-1.616500000000000048e+00 -8.760600000000000165e+00
-1.934800000000000075e+00 -5.973900000000000432e+00
-3.220800000000000107e+00 -5.663000000000000256e+00
7.137799999999999701e-01 -7.432900000000000063e+00
-3.602399999999999824e+00 -2.252099999999999991e+00
-2.655400000000000205e+00 -3.709900000000000198e+00
-6.063699999999999646e-01 -8.880900000000000460e+00
-1.530200000000000005e+00 -6.318500000000000227e+00
-5.985999999999999766e+00 1.346799999999999997e+00
-4.333199999999999719e+00 -3.274999999999999911e+00
-3.988300000000000178e+00 -4.732999999999999652e+00
-2.604699999999999793e+00 -2.816699999999999982e+00
-2.473700000000000010e+00 -6.537600000000000300e+00
-6.383499999999999730e+00 2.575899999999999856e+00
-2.890200000000000102e+00 -4.426499999999999879e+00
-1.952599999999999891e+00 -8.474299999999999500e+00
-4.138399999999999856e+00 -3.689499999999999780e+00
-5.290499999999999758e+00 -4.616600000000000037e+00
-6.506800000000000139e+00 -3.498400000000000176e+00
-2.655600000000000183e+00 -5.097299999999999720e+00
-1.258000000000000007e+00 -5.354400000000000048e+00
1.550799999999999956e+00 -7.702499999999999680e+00
-5.418499999999999872e+00 -2.838699999999999779e+00
-6.413600000000000412e-01 -7.135299999999999976e+00
1.020499999999999963e+00 -6.667300000000000004e+00
3.236499999999999932e+00 -1.322499999999999964e+01
-2.924300000000000233e-01 -8.186999999999999389e+00
-5.710600000000000342e+00 -2.568500000000000227e-01
-1.927599999999999980e+00 -4.930500000000000327e+00
-3.906400000000000095e+00 -7.178200000000000358e+00
-1.776599999999999957e+00 -6.634299999999999642e+00
-2.146599999999999842e+00 -6.928499999999999659e+00
-5.134100000000000108e+00 -7.122600000000000264e+00
-3.677200000000000024e+00 -6.386499999999999844e+00
-4.591400000000000148e+00 -2.644299999999999873e+00
-4.782399999999999984e+00 -3.432399999999999896e+00
-7.321699999999999875e+00 -6.931800000000000184e-01
-2.964599999999999902e+00 -6.885600000000000165e+00
-3.774599999999999955e+00 -4.546299999999999564e+00
-4.562599999999999767e+00 -3.273699999999999832e+00
-2.085700000000000054e-01 -6.380700000000000038e+00
-7.927800000000000402e+00 -3.117100000000000204e+00
-3.107200000000000184e+00 -6.796400000000000219e+00
-2.774400000000000199e-01 -8.870499999999999829e+00
-1.210900000000000087e+00 -6.782099999999999795e+00
-1.535700000000000065e+00 -6.590300000000000047e+00
-2.844800000000000217e+00 -4.797799999999999621e+00
-2.906499999999999861e+00 -5.355299999999999727e+00
2.791999999999999815e+00 -1.125399999999999956e+01
-4.604700000000000237e+00 -5.087500000000000355e+00
-5.500099999999999767e+00 -2.640000000000000124e+00
-6.055500000000000327e+00 -6.229000000000000092e-01
-8.322399999999999798e-01 -5.816200000000000259e+00
-5.204699999999999882e+00 -2.697299999999999809e+00
-2.883300000000000196e+00 -5.965200000000000280e+00
-7.895699999999999941e-01 -4.447499999999999787e+00
-2.967600000000000016e+00 -3.574100000000000055e+00
-1.421699999999999964e+00 -6.767100000000000115e+00
-1.660600000000000076e+00 -6.433900000000000396e+00
-1.265500000000000069e+00 -9.107400000000000162e+00
6.585199999999999942e-01 -8.300200000000000244e+00
-2.265600000000000058e+00 -6.932800000000000296e+00
9.232900000000000551e-01 -4.168000000000000149e+00
-2.922000000000000153e+00 -6.553600000000000314e+00
-6.730099999999999971e-01 -6.066900000000000404e+00
-4.345900000000000318e+00 -5.630700000000000038e+00
-1.902300000000000102e+00 -7.124900000000000233e+00
-3.292300000000000004e+00 -6.639499999999999957e+00
-6.936099999999999710e+00 9.468699999999999894e-01
-2.979800000000000004e+00 -6.948400000000000354e+00
-3.808100000000000041e+00 -1.907299999999999995e+00
-6.748099999999999987e+00 2.032999999999999918e+00
-6.216499999999999915e+00 -2.338200000000000056e+00
-2.683899999999999952e+00 6.617899999999999894e-01
-3.194700000000000095e+00 -6.576399999999999579e+00
-7.530599999999999739e+00 -1.796999999999999931e+00
8.735500000000000487e-01 -7.696399999999999686e+00
-2.672499999999999876e+00 -6.635900000000000354e+00
-6.437300000000000244e-01 -9.194000000000000838e+00
-4.708300000000000374e+00 -7.343200000000000394e+00
-5.175300000000000011e+00 -2.546499999999999986e+00
-3.709700000000000220e+00 -6.163899999999999935e+00
-5.809999999999999609e-01 -6.726499999999999702e+00
1.762100000000000055e-01 -5.980199999999999960e+00
-3.208600000000000119e+00 -3.387900000000000134e+00
-1.332300000000000040e+00 -7.266099999999999781e+00
-2.615600000000000147e+00 -5.709100000000000286e+00
-2.574600000000000222e+00 -5.714900000000000091e+00
-5.026099999999999568e+00 -2.492799999999999905e+00
9.587799999999999656e-01 -6.146099999999999675e+00
-4.713499999999999801e+00 -7.139499999999999957e+00
-7.680600000000000094e+00 -1.422199999999999909e+00
-6.388399999999999856e+00 -3.675499999999999989e+00
-8.448600000000000554e-01 -9.583899999999999864e+00
-5.629500000000000171e+00 -1.329700000000000104e+00
-2.531000000000000139e+00 -7.006099999999999994e+00
2.274799999999999933e+00 -1.123199999999999932e+01
-4.450400000000000134e+00 -4.692499999999999893e+00
-5.831900000000000084e+00 -1.956799999999999928e-01
-5.085399999999999920e+00 -3.416100000000000136e+00
-5.361900000000000333e+00 -3.020099999999999785e+00
-9.104200000000000070e-01 -7.231799999999999784e+00
-4.923300000000000232e+00 -5.246900000000000119e+00
-2.225699999999999790e+00 -5.018399999999999750e+00
-5.992499999999999716e+00 -8.651200000000000001e-01
-1.704900000000000082e+00 -5.880899999999999572e+00
-3.501300000000000079e+00 -4.943699999999999761e+00
-2.325499999999999901e+00 -7.124600000000000044e+00
-6.450999999999999623e+00 -1.461899999999999977e+00
-4.704299999999999926e+00 -4.124399999999999622e+00
-3.942200000000000149e+00 -6.599400000000000155e+00
-1.299800000000000066e+00 -4.397599999999999731e+00
-7.667899999999999716e-01 -6.990000000000000213e+00
-1.324100000000000055e+00 -7.806300000000000239e+00
-3.040999999999999925e+00 -4.834900000000000198e+00
-2.879900000000000126e+00 -6.097400000000000375e+00
-4.942900000000000071e-01 -4.746000000000000441e+00
-2.825499999999999901e+00 -3.898600000000000065e+00
-1.826300000000000034e+00 -7.635500000000000398e+00
-3.787999999999999812e+00 -4.633399999999999963e+00
1.342899999999999927e-01 -6.832699999999999996e+00
-3.258599999999999941e+00 -6.392500000000000071e+00
-2.663100000000000023e+00 -6.663700000000000401e+00
-2.761700000000000266e-01 -5.650900000000000034e+00
-2.021199999999999886e+00 -5.511300000000000310e+00
-5.480800000000000338e+00 -1.762199999999999989e+00
-3.055899999999999839e+00 -6.574900000000000411e+00
-1.163000000000000034e+00 -4.541299999999999670e+00
-8.625000000000000444e-01 -5.783500000000000085e+00
-3.695600000000000218e+00 -6.152599999999999625e+00
-6.943200000000000038e+00 7.715700000000000336e-02
-1.410300000000000109e+00 -6.676099999999999923e+00
-3.833400000000000141e+00 -2.617500000000000160e+00
-1.633699999999999930e+00 -5.878599999999999604e+00
-3.790500000000000203e+00 -1.634600000000000053e+00
-3.335299999999999931e-01 -9.024800000000000821e+00
1.437899999999999956e+00 -8.170299999999999230e+00
-1.197600000000000053e-01 -7.897000000000000242e+00
-1.663100000000000023e+00 -6.343700000000000117e+00
-1.225300000000000056e+00 -9.064099999999999824e+00
-3.067800000000000082e+00 -3.867900000000000116e+00
-5.019999999999999574e+00 -4.004299999999999748e+00
-6.068200000000000038e+00 -4.294599999999999973e+00
-5.868299999999999628e+00 -2.494099999999999984e+00
-3.761299999999999866e+00 -5.573500000000000121e+00
-3.172800000000000065e+00 -4.230199999999999960e+00
-6.119399999999999729e+00 -4.505099999999999660e+00
-5.061499999999999666e+00 -2.891999999999999904e+00
-4.012999999999999901e+00 -5.110100000000000087e+00
-4.429299999999999571e+00 -3.847599999999999909e+00
-6.178099999999999703e+00 -3.345499999999999918e+00
-2.338200000000000056e+00 -6.749699999999999811e+00
-4.591399999999999926e-01 -8.607200000000000628e+00
-4.358699999999999797e+00 -5.086199999999999832e+00
-4.888899999999999579e+00 -4.074600000000000222e+00
-3.976999999999999869e+00 -2.011499999999999844e+00
-2.423399999999999999e+00 -2.043500000000000039e-01
-5.480400000000000382e+00 -5.631599999999999717e+00
-2.815100000000000158e+00 -2.634599999999999831e+00
-5.725299999999999834e+00 -1.355699999999999905e+00
-2.311100000000000154e+00 -5.419800000000000395e+00
2.105700000000000127e+00 -7.926700000000000301e+00
1.438399999999999901e+00 -8.188900000000000290e+00
-1.408099999999999907e+00 -5.988699999999999690e+00
-4.931300000000000239e+00 -3.102199999999999958e-01
-3.431200000000000028e+00 -4.871999999999999886e+00
-5.524200000000000443e+00 6.987700000000000022e-01
-4.945899999999999963e+00 -4.947700000000000209e+00
-4.206100000000000172e+00 -4.844100000000000072e+00
-4.639100000000000001e+00 -2.870600000000000041e+00
-8.711200000000000054e-01 -7.380600000000000271e+00
-2.355599999999999916e-01 -1.247100000000000009e+01
-6.637699999999999712e+00 -1.359199999999999964e+00
-4.848499999999999588e+00 -5.742099999999999760e+00
-6.032499999999999751e+00 -5.839999999999999636e-01
5.336100000000000287e-01 -1.156799999999999962e+01
-3.166199999999999903e+00 -3.436999999999999833e+00
-1.290499999999999980e+00 -6.101700000000000124e+00
1.927300000000000013e+00 -9.331699999999999662e+00
-7.235000000000000320e+00 1.101699999999999902e+00
-1.009100000000000108e+00 -9.485799999999999343e+00
-4.707200000000000273e+00 -4.419400000000000439e+00
-4.078000000000000291e+00 -3.637599999999999945e+00
-5.810600000000000209e-01 -6.104800000000000004e+00
2.046999999999999931e-01 -7.125399999999999956e+00
-2.468500000000000139e+00 -8.486000000000000654e+00
-3.486299999999999955e+00 -3.980799999999999894e+00
-4.712399999999999700e+00 -3.218799999999999883e+00
1.127599999999999936e+00 -9.158400000000000318e+00
-2.324399999999999800e+00 -4.978900000000000325e+00
-8.120100000000000096e-01 -7.386400000000000077e+00
-4.533900000000000041e+00 -1.817800000000000082e+00
-4.888399999999999856e+00 -2.014800000000000146e+00
-1.798599999999999921e-01 -5.731200000000000294e+00
-2.530699999999999950e+00 -4.732700000000000351e+00
-6.947099999999999831e+00 -2.283500000000000085e+00
-3.809200000000000141e+00 -6.602999999999999758e+00
-1.200900000000000079e+00 -3.129700000000000149e+00
-6.198400000000000354e+00 -3.916899999999999826e-01
-4.683200000000000252e+00 -2.126200000000000034e-01
-2.879799999999999915e+00 -9.663700000000000401e+00
-8.230499999999999261e+00 -2.943299999999999805e+00
1.243100000000000038e-01 -9.657400000000000873e+00
-1.426600000000000090e+00 -3.050899999999999945e+00
-6.213400000000000034e+00 -3.809800000000000075e+00
-4.798899999999999721e+00 -5.407300000000000217e+00
-1.313800000000000079e+00 -7.439400000000000013e+00
-3.070300000000000029e+00 -4.350600000000000023e+00
-1.914800000000000113e-01 -7.015500000000000291e+00
-4.338199999999999612e+00 -2.858299999999999841e+00
-5.468899999999999650e+00 7.469799999999999773e-01
-3.721999999999999975e+00 -3.291999999999999815e+00
-2.813800000000000079e+00 -3.257400000000000073e+00
-3.605199999999999960e+00 -4.694399999999999906e+00
-2.464599999999999902e+00 -9.423400000000000887e+00
-7.743299999999999628e+00 5.576100000000000501e-01
-8.725800000000000223e-01 -3.396599999999999842e+00
-3.392599999999999838e+00 -3.223599999999999799e+00
-2.908599999999999852e+00 -7.437999999999999723e+00
-5.636300000000000310e+00 -1.181599999999999984e+00
-1.650400000000000089e+00 -7.669999999999999929e+00
-3.557799999999999851e+00 -7.370599999999999596e+00
-4.230400000000000132e-02 -5.011199999999999655e+00
-3.218500000000000139e+00 -5.902899999999999814e+00
-7.993999999999999995e-01 -4.812500000000000000e+00
-2.793400000000000105e+00 -4.669999999999999929e+00
-5.115599999999999703e+00 -2.263799999999999812e+00
-2.102700000000000014e+00 -9.065500000000000114e+00
-2.119400000000000173e+00 -5.208499999999999908e+00
-3.848800000000000221e+00 -5.390500000000000291e+00
-4.046899999999999942e+00 -2.689999999999999947e+00
-2.217799999999999994e+00 -5.972699999999999676e+00
-3.479999999999999982e+00 -6.059099999999999930e+00
-5.125000000000000000e+00 -5.500000000000000000e+00
-2.714999999999999858e+00 -8.310399999999999565e+00
2.546100000000000030e-01 -1.037599999999999945e+01
-4.854099999999999859e+00 -4.060299999999999798e+00
-2.840100000000000069e+00 -3.961699999999999999e+00
-1.700399999999999912e+00 -4.288400000000000212e+00
-4.472000000000000419e+00 -2.679699999999999971e+00
-4.116600000000000037e+00 -3.679100000000000037e+00
-7.760399999999999743e+00 -9.556499999999999995e-01
-1.897899999999999920e+00 -6.215600000000000236e+00
-1.687799999999999967e+00 -9.080199999999999605e+00
-1.886500000000000066e+00 -3.823500000000000121e+00
-1.794399999999999995e+00 -7.018500000000000405e+00
-2.648200000000000109e+00 -4.566799999999999748e+00
-2.699800000000000200e+00 -5.888300000000000090e+00
-1.866400000000000059e+00 -9.236399999999999721e+00
-1.774699999999999944e+00 -8.332599999999999341e+00
-7.885500000000000398e+00 -2.042400000000000215e+00
-5.437100000000000044e+00 -3.726500000000000146e+00
-1.052599999999999980e+00 -6.093700000000000117e+00
-5.467399999999999594e+00 4.709499999999999797e-01
-8.325699999999999434e+00 -2.645900000000000141e+00
3.607600000000000251e-01 -6.136700000000000266e+00
-3.108000000000000096e+00 -5.643900000000000361e+00
-5.077300000000000146e+00 -4.706299999999999928e-01
-3.934099999999999930e+00 -1.596200000000000063e+00
-3.549199999999999910e+00 -5.668499999999999872e+00
-1.109499999999999931e+00 -4.275400000000000311e+00
-6.973700000000000454e-01 -3.879999999999999893e+00
-1.835299999999999931e+00 -4.820299999999999585e+00
-4.735199999999999854e+00 -1.419999999999999929e+00
-1.713600000000000012e+00 -2.144600000000000062e+00
-4.121599999999999930e+00 -7.555699999999999861e+00
-1.036200000000000010e+00 -7.886400000000000077e+00
-1.402199999999999891e+00 -1.430500000000000105e+00
-2.485499999999999932e-01 -8.780699999999999505e+00
3.210500000000000020e-01 -1.080499999999999972e+01
-5.400400000000000311e+00 -4.820400000000000240e+00
2.452999999999999903e-01 -1.458500000000000085e+01
-1.312699999999999978e+00 -6.534500000000000419e+00
-5.016499999999999737e+00 -3.562699999999999978e+00
-1.759499999999999953e-01 -9.713699999999999335e+00
-7.388499999999999623e+00 1.832999999999999963e+00
-2.310200000000000031e+00 -6.336999999999999744e+00
-1.095699999999999896e+00 -8.769899999999999807e+00
-3.036500000000000199e+00 -4.489700000000000024e+00
-9.143299999999999761e-01 -5.292200000000000237e+00
-2.681799999999999962e+00 -6.420499999999999652e+00
-8.081000000000000405e-01 -7.386599999999999611e+00
-1.287800000000000056e+00 -7.614799999999999791e+00
-4.986600000000000144e+00 -5.173700000000000188e+00
-4.184300000000000352e+00 -2.294299999999999784e+00
-5.783800000000000274e+00 -3.185500000000000220e+00
2.777200000000000113e+00 -9.933299999999999130e+00
-4.040899999999999714e+00 -4.695899999999999963e+00
-5.332799999999999763e+00 -2.861000000000000210e+00
-7.374799999999999578e+00 1.213700000000000001e+00
-4.065299999999999692e+00 -6.165300000000000225e+00
-1.165499999999999980e+00 -5.935800000000000409e+00
-4.645699999999999719e+00 -2.221499999999999808e+00
-2.358099999999999863e+00 -4.892900000000000027e+00
4.288199999999999790e+00 -1.409500000000000064e+01
-1.002799999999999914e+00 -7.082499999999999574e+00
-2.019299999999999873e+00 -4.447700000000000209e+00
-8.362300000000000288e-01 -2.844800000000000217e+00
-4.411900000000000155e+00 8.651600000000000401e-01
-6.504800000000000360e+00 -3.648500000000000076e-01
-2.240400000000000169e+00 -5.062500000000000000e+00
-4.557800000000000296e+00 -2.883199999999999985e+00
-5.138200000000000323e+00 -2.846699999999999786e-01
-4.832900000000000418e+00 -4.284900000000000375e+00
-1.627099999999999991e+00 -4.246000000000000441e+00
-5.256899999999999906e+00 -1.241000000000000103e+00
-1.327199999999999935e+00 -7.733999999999999986e+00
-5.636999999999999789e-01 -7.114600000000000257e+00
-3.213600000000000012e+00 -4.434599999999999653e+00
-1.144800000000000040e+00 -4.956199999999999939e+00
-1.904500000000000082e+00 -6.650500000000000078e+00
-6.697700000000000209e+00 1.478299999999999947e+00
-5.440500000000000114e+00 -3.264499999999999957e+00
-1.972700000000000009e-01 -1.255499999999999972e+01
-2.825699999999999878e+00 -3.420700000000000074e+00
-4.531399999999999650e+00 -3.867799999999999905e+00
-5.324499999999999567e+00 -2.172000000000000042e-01
-2.987800000000000011e+00 -4.533800000000000274e+00
-8.136999999999999789e-01 -7.175399999999999778e+00
-2.265499999999999847e+00 -2.765000000000000124e+00
3.942499999999999893e+00 -1.232600000000000051e+01
-5.380700000000000038e+00 -1.568100000000000049e+00
-3.640000000000000124e+00 -3.514699999999999935e+00
-2.702799999999999869e+00 -3.573399999999999910e+00
-1.032799999999999940e+00 -9.195100000000000051e+00
-2.902200000000000113e+00 -7.865999999999999659e+00
-2.268699999999999939e+00 -5.377399999999999736e+00
-4.680500000000000327e+00 -3.558300000000000018e+00
-6.124199999999999644e-01 -9.140499999999999403e+00
-3.469700000000000006e+00 -3.025300000000000100e+00
9.329700000000000493e-02 -8.259999999999999787e+00
-4.481099999999999639e+00 -7.073000000000000398e+00
-1.993000000000000105e+00 -8.542400000000000659e+00
-4.171199999999999797e+00 -5.376900000000000013e+00
-5.393099999999999561e+00 -1.619799999999999907e+00
-5.121200000000000196e-01 -6.633700000000000152e+00
-5.248000000000000220e+00 -3.195800000000000196e+00
-1.264199999999999990e+00 -2.541599999999999859e+00
1.659100000000000019e+00 -5.280300000000000438e+00
-3.546600000000000197e+00 -2.946400000000000130e+00
4.043800000000000172e-01 -8.714100000000000179e+00
-1.568999999999999950e+00 -5.440699999999999648e+00
-4.257500000000000284e+00 -4.695899999999999963e+00
-5.517299999999999649e+00 -6.828499999999999570e-01
-1.946399999999999908e+00 -7.540099999999999802e+00
-5.270699999999999719e+00 -4.366900000000000226e+00
-3.942400000000000126e+00 -4.508700000000000152e+00
-3.447999999999999954e+00 -1.553900000000000059e+00
-1.443699999999999983e+00 -8.334500000000000242e+00
-3.092900000000000205e+00 -5.570999999999999730e+00
-2.784800000000000164e+00 -5.152099999999999902e+00
-5.813200000000000145e+00 -5.103600000000000136e+00
-4.377100000000000435e+00 -3.905400000000000205e+00
-3.796700000000000075e-01 -5.939300000000000246e+00
-1.760000000000000009e+00 -5.692000000000000171e+00
-7.276799999999999713e+00 -2.944900000000000073e+00
-4.786200000000000010e+00 -4.271099999999999675e+00
-4.054599999999999760e+00 -1.686199999999999921e+00
-1.104300000000000059e+00 -8.202199999999999491e+00
-3.746900000000000230e-01 -1.310800000000000054e+01
1.620099999999999874e-01 -8.841400000000000148e+00
-4.470699999999999896e+00 -4.531399999999999650e+00
-5.576600000000000001e+00 2.256800000000000139e+00
-2.741400000000000059e+00 -7.614200000000000301e+00
