6.825299999999999701e-01 6.154399999999999871e+00
3.252499999999999947e+00 6.948800000000000310e+00
4.889300000000000423e+00 1.037899999999999956e+01
2.339399999999999924e+00 1.023399999999999999e+01
3.327500000000000124e+00 1.157699999999999996e+01
4.493599999999999817e+00 1.342300000000000004e+01
-1.542100000000000137e-01 7.289299999999999891e+00
4.673199999999999577e+00 9.399599999999999511e+00
3.762700000000000156e+00 1.008300000000000018e+01
3.820500000000000007e+00 7.322899999999999743e+00
1.024600000000000044e+01 1.166900000000000048e+01
5.334399999999999586e+00 7.997200000000000308e+00
7.269999999999999574e+00 1.086400000000000077e+01
2.193700000000000205e+00 1.085899999999999999e+01
5.796599999999999753e+00 1.107000000000000028e+01
3.326200000000000045e+00 8.330899999999999750e+00
3.400100000000000122e+00 7.912499999999999645e+00
5.730500000000000149e+00 1.003400000000000070e+01
2.800300000000000011e+00 9.037399999999999878e+00
8.485900000000000887e+00 1.331600000000000072e+01
5.918700000000000294e+00 1.048199999999999932e+01
1.004899999999999949e+01 1.024200000000000088e+01
3.384199999999999875e+00 1.078100000000000058e+01
3.557900000000000063e+00 8.268200000000000216e+00
5.288199999999999790e+00 1.056700000000000017e+01
4.199699999999999989e+00 8.125700000000000145e+00
2.398600000000000065e+00 5.902599999999999625e+00
-1.048200000000000021e+00 6.798799999999999955e+00
9.903999999999999915e+00 1.523799999999999955e+01
2.705099999999999838e+00 1.205100000000000016e+01
3.939099999999999824e+00 9.653499999999999304e+00
3.279900000000000038e+00 7.415199999999999569e+00
4.195700000000000429e+00 7.635699999999999932e+00
8.098000000000000753e+00 9.929399999999999338e+00
3.135899999999999910e+00 8.256199999999999761e+00
4.110599999999999810e+00 9.352399999999999380e+00
8.742399999999999949e+00 9.162599999999999412e+00
9.251300000000000523e+00 1.226299999999999990e+01
1.776999999999999913e+00 9.739300000000000068e+00
6.364399999999999835e+00 1.027299999999999969e+01
5.089999999999999858e+00 1.143599999999999994e+01
3.711599999999999788e+00 1.149699999999999989e+01
7.269700000000000273e+00 9.539600000000000080e+00
5.280899999999999928e+00 8.225500000000000256e+00
3.803799999999999848e+00 1.080199999999999960e+01
3.430299999999999905e+00 9.514799999999999258e+00
5.365000000000000213e+00 1.258099999999999952e+01
1.663699999999999957e+00 9.666100000000000136e+00
7.398799999999999599e+00 9.052899999999999281e+00
6.033500000000000085e+00 1.059299999999999997e+01
6.943900000000000183e+00 1.066200000000000081e+01
7.333099999999999952e+00 1.187800000000000011e+01
4.490099999999999980e+00 7.339999999999999858e+00
3.414400000000000102e+00 8.980900000000000105e+00
8.729799999999999116e+00 1.181199999999999939e+01
4.541000000000000369e+00 1.059600000000000009e+01
2.271900000000000031e+00 9.203500000000000014e+00
1.286699999999999955e+00 8.986399999999999721e+00
3.523400000000000087e+00 9.189299999999999358e+00
3.784400000000000208e+00 8.125700000000000145e+00
3.063699999999999868e+00 6.705899999999999750e+00
1.977100000000000080e+00 1.163100000000000023e+01
8.447300000000000253e+00 1.074499999999999922e+01
8.611900000000000333e+00 1.215199999999999925e+01
5.712900000000000311e+00 1.074300000000000033e+01
-6.475899999999999990e-01 7.172900000000000276e+00
9.133100000000000662e+00 1.141900000000000048e+01
2.594100000000000072e+00 8.349899999999999878e+00
6.442400000000000126e+00 1.022499999999999964e+01
6.964800000000000324e+00 9.337899999999999423e+00
2.564499999999999780e+00 1.056199999999999939e+01
7.728200000000000180e+00 1.213899999999999935e+01
3.198300000000000143e+00 9.303599999999999426e+00
9.445399999999999352e+00 1.094100000000000072e+01
5.847999999999999865e+00 6.266799999999999926e+00
-5.478600000000000136e-01 9.126599999999999824e+00
6.079799999999999649e+00 1.262199999999999989e+01
3.098899999999999988e+00 7.747600000000000264e+00
2.390600000000000058e+00 1.035100000000000087e+01
6.131400000000000183e+00 8.991199999999999193e+00
4.164900000000000269e+00 1.022100000000000009e+01
3.955000000000000071e+00 8.421300000000000452e+00
7.199300000000000033e+00 1.360699999999999932e+01
6.229199999999999626e+00 9.490600000000000591e+00
7.501199999999999868e+00 1.248499999999999943e+01
4.256300000000000416e+00 9.083299999999999486e+00
4.918000000000000149e+00 9.209199999999999164e+00
4.798199999999999577e+00 1.037100000000000044e+01
2.881699999999999928e+00 7.098300000000000054e+00
4.396700000000000053e+00 1.172700000000000031e+01
3.332199999999999829e+00 1.003800000000000026e+01
8.305899999999999395e+00 1.099499999999999922e+01
6.460399999999999920e+00 1.282699999999999996e+01
3.759799999999999809e+00 1.020400000000000063e+01
3.189099999999999824e+00 6.501999999999999780e+00
3.290999999999999925e+00 5.669100000000000250e+00
2.121100000000000207e+00 8.196600000000000108e+00
9.487500000000000711e+00 1.105899999999999928e+01
7.895900000000000141e+00 1.060299999999999976e+01
3.829099999999999948e+00 6.700199999999999712e+00
4.111900000000000333e+00 9.928499999999999659e+00
4.154499999999999638e+00 1.390799999999999947e+01
6.624600000000000044e+00 1.018900000000000006e+01
7.966599999999999682e+00 1.391600000000000037e+01
6.509500000000000064e+00 1.211200000000000010e+01
8.576599999999999113e+00 1.301500000000000057e+01
5.615700000000000358e+00 1.278599999999999959e+01
5.204200000000000159e+00 1.029599999999999937e+01
7.139999999999999680e+00 1.164600000000000080e+01
3.169900000000000162e+00 6.108500000000000263e+00
7.699499999999999567e+00 1.393500000000000050e+01
3.189799999999999969e+00 1.109999999999999964e+01
4.602800000000000225e+00 8.072499999999999787e+00
2.516099999999999781e+00 8.421200000000000685e+00
5.398299999999999876e+00 5.932000000000000384e+00
2.853099999999999969e+00 1.203899999999999970e+01
9.871900000000000119e+00 1.079800000000000004e+01
1.217999999999999972e+01 1.342900000000000027e+01
2.706999999999999851e+00 9.619899999999999451e+00
3.102799999999999780e+00 8.510500000000000398e+00
6.897400000000000198e+00 1.212599999999999945e+01
5.129400000000000404e+00 6.659799999999999720e+00
6.222900000000000098e+00 1.161500000000000021e+01
3.239599999999999813e+00 7.975399999999999601e+00
5.029200000000000337e+00 9.426700000000000301e+00
3.973599999999999799e+00 1.210699999999999932e+01
5.129800000000000360e+00 9.419499999999999318e+00
5.034300000000000441e-01 1.089400000000000013e+01
8.541499999999999204e+00 1.010299999999999976e+01
5.285099999999999909e+00 6.361299999999999955e+00
6.821399999999999686e+00 1.161200000000000010e+01
6.466300000000000381e+00 9.624599999999999156e+00
8.490500000000000824e+00 1.044599999999999973e+01
7.242399999999999949e+00 1.136800000000000033e+01
1.430900000000000061e+00 7.146799999999999820e+00
8.446500000000000341e+00 1.181199999999999939e+01
7.487499999999999822e+00 8.927899999999999281e+00
6.168599999999999639e+00 7.011999999999999567e+00
6.586400000000000254e+00 8.492699999999999250e+00
8.065300000000000580e+00 1.288499999999999979e+01
6.384999999999999787e+00 8.977999999999999758e+00
7.751999999999999780e+00 1.301600000000000001e+01
6.961899999999999977e+00 1.093699999999999939e+01
4.854499999999999815e+00 1.025900000000000034e+01
5.918400000000000105e+00 1.009699999999999953e+01
5.676199999999999690e+00 9.629400000000000404e+00
7.283500000000000085e+00 8.937599999999999767e+00
9.783500000000000085e+00 8.997799999999999798e+00
3.161599999999999966e+00 1.000900000000000034e+01
4.899600000000000399e+00 1.101900000000000013e+01
3.654799999999999827e+00 9.640499999999999403e+00
4.995700000000000252e+00 1.210599999999999987e+01
2.114300000000000068e+00 8.654600000000000293e+00
2.329299999999999926e+00 8.434699999999999420e+00
5.654200000000000337e+00 1.192800000000000082e+01
8.866199999999999193e+00 1.125300000000000011e+01
6.455300000000000260e+00 1.253299999999999947e+01
3.671300000000000008e+00 8.127800000000000580e+00
5.708099999999999952e+00 1.176500000000000057e+01
8.097699999999999676e+00 1.316799999999999926e+01
4.350799999999999557e+00 9.100400000000000489e+00
4.162600000000000300e+00 9.600300000000000722e+00
2.130100000000000104e+00 9.971099999999999852e+00
2.165200000000000014e+00 7.389700000000000379e+00
-1.554000000000000048e+00 1.238799999999999990e+01
4.316300000000000026e+00 1.071000000000000085e+01
3.804499999999999993e+00 6.255300000000000082e+00
3.768299999999999983e+00 1.162599999999999945e+01
9.044900000000000162e+00 1.053999999999999915e+01
3.791100000000000136e+00 8.206699999999999662e+00
3.847700000000000120e+00 1.129499999999999993e+01
6.625799999999999912e+00 9.607799999999999230e+00
5.326500000000000234e+00 1.139199999999999946e+01
4.217500000000000249e+00 9.901899999999999480e+00
1.864999999999999991e-01 4.402300000000000324e+00
1.727000000000000091e+00 4.536900000000000155e+00
7.361100000000000421e+00 1.139600000000000080e+01
1.772399999999999975e+00 5.779099999999999682e+00
4.102800000000000225e+00 1.109699999999999953e+01
6.333300000000000374e+00 8.949999999999999289e+00
3.878299999999999859e+00 1.015799999999999947e+01
5.165799999999999947e+00 6.947000000000000064e+00
3.266999999999999904e+00 1.096400000000000041e+01
6.259800000000000253e+00 1.009500000000000064e+01
5.974800000000000111e+00 1.246100000000000030e+01
2.537700000000000067e+00 1.115799999999999947e+01
5.106200000000000294e+00 1.009699999999999953e+01
9.221899999999999764e+00 9.148400000000000531e+00
5.468700000000000117e+00 8.064099999999999824e+00
8.583700000000000330e+00 1.432600000000000051e+01
5.575800000000000090e+00 7.966499999999999915e+00
2.801000000000000156e+00 5.913899999999999935e+00
4.033800000000000274e+00 8.571500000000000341e+00
5.607300000000000395e+00 9.714600000000000790e+00
6.312400000000000233e+00 8.966400000000000148e+00
8.330799999999999983e+00 1.039100000000000001e+01
2.792899999999999938e+00 7.217100000000000293e+00
7.353200000000000180e+00 1.099799999999999933e+01
6.174500000000000099e+00 1.057499999999999929e+01
5.222400000000000375e+00 9.426399999999999224e+00
7.064499999999999780e+00 1.315300000000000047e+01
5.781200000000000117e+00 8.809900000000000730e+00
3.226399999999999935e+00 9.621800000000000352e+00
-8.571199999999999930e-01 9.243600000000000705e+00
3.245000000000000107e+00 8.408300000000000551e+00
7.709200000000000053e+00 1.103200000000000003e+01
9.083799999999999653e-01 1.299699999999999989e+01
3.314000000000000057e+00 9.678300000000000125e+00
2.314700000000000202e+00 1.137700000000000067e+01
8.642500000000000071e+00 1.342500000000000071e+01
4.194600000000000328e+00 1.017200000000000060e+01
5.932699999999999640e+00 1.083999999999999986e+01
6.215200000000000280e+00 1.336999999999999922e+01
4.682400000000000340e+00 1.135599999999999987e+01
6.965900000000000425e+00 9.950599999999999667e+00
5.572799999999999976e+00 1.085299999999999976e+01
9.927199999999999136e+00 1.117999999999999972e+01
4.722000000000000419e+00 1.142300000000000004e+01
9.265399999999999636e+00 1.201200000000000045e+01
5.393200000000000216e+00 1.051299999999999990e+01
4.006099999999999994e+00 8.811400000000000787e+00
2.720000000000000195e+00 7.066799999999999748e+00
8.202999999999999403e+00 1.268299999999999983e+01
2.234500000000000153e+00 8.473000000000000753e+00
2.577799999999999869e+00 8.371199999999999974e+00
7.248199999999999754e+00 1.460899999999999999e+01
4.075800000000000090e+00 1.442600000000000016e+01
7.124500000000000277e+00 1.019400000000000084e+01
5.753199999999999648e+00 1.101900000000000013e+01
5.454100000000000392e+00 8.648699999999999832e+00
4.273500000000000298e+00 6.468399999999999928e+00
4.717399999999999594e+00 1.388799999999999990e+01
3.181599999999999984e+00 8.026699999999999946e+00
5.099999999999999645e+00 7.367499999999999716e+00
7.916000000000000369e+00 1.157799999999999940e+01
5.959999999999999964e+00 1.070899999999999963e+01
8.526699999999999946e+00 1.286599999999999966e+01
6.757299999999999862e+00 8.767500000000000071e+00
4.956800000000000317e+00 9.752399999999999736e+00
6.072499999999999787e+00 1.080400000000000027e+01
7.400699999999999612e+00 9.691800000000000637e+00
4.855800000000000338e+00 7.621699999999999697e+00
8.772600000000000398e-01 7.925699999999999967e+00
5.716099999999999959e+00 1.471700000000000053e+01
4.699499999999999567e+00 9.154999999999999361e+00
1.065900000000000070e+01 1.176900000000000013e+01
5.610699999999999577e+00 1.462100000000000044e+01
7.391799999999999926e+00 9.276799999999999713e+00
6.947099999999999831e+00 8.883900000000000574e+00
4.017500000000000071e+00 9.170600000000000307e+00
8.779400000000000759e+00 1.275200000000000067e+01
4.773200000000000109e+00 1.030400000000000027e+01
1.637000000000000011e+00 7.560800000000000409e+00
5.835899999999999643e+00 1.115300000000000047e+01
6.165499999999999758e+00 8.896300000000000097e+00
4.466300000000000381e+00 1.083500000000000085e+01
8.272000000000000242e+00 9.085200000000000387e+00
1.547199999999999964e-01 8.126400000000000290e+00
3.671100000000000030e+00 5.594899999999999984e+00
3.186999999999999833e+00 9.641400000000000858e+00
7.406699999999999839e+00 1.245899999999999963e+01
2.799900000000000055e+00 1.086999999999999922e+01
4.216400000000000148e+00 9.133499999999999730e+00
6.947199999999999598e+00 9.495200000000000529e+00
3.838900000000000201e+00 1.213400000000000034e+01
3.634799999999999809e+00 1.078400000000000070e+01
8.740199999999999747e+00 1.117699999999999960e+01
5.841400000000000148e+00 1.202399999999999913e+01
6.834299999999999820e+00 1.130899999999999928e+01
4.963700000000000223e+00 1.028599999999999959e+01
2.738999999999999879e+00 9.217499999999999361e+00
6.764100000000000001e+00 7.916800000000000281e+00
4.005499999999999616e+00 7.591400000000000148e+00
9.506800000000000139e+00 1.438899999999999935e+01
8.592999999999999972e+00 1.621699999999999875e+01
3.600499999999999812e+00 6.720799999999999663e+00
9.213200000000000500e+00 1.610600000000000165e+01
6.214699999999999669e+00 9.402900000000000702e+00
6.430600000000000094e+00 9.752900000000000347e+00
6.381700000000000372e+00 1.131400000000000006e+01
8.266400000000000858e+00 1.033000000000000007e+01
7.983399999999999608e+00 9.851000000000000867e+00
7.648100000000000342e+00 1.073900000000000077e+01
5.912200000000000344e+00 8.363300000000000622e+00
5.856300000000000061e+00 7.747499999999999609e+00
5.475999999999999979e+00 1.208699999999999974e+01
4.524099999999999788e+00 1.382900000000000063e+01
6.360500000000000043e+00 9.582900000000000418e+00
9.261200000000000543e+00 1.503500000000000014e+01
5.990000000000000213e+00 1.095299999999999940e+01
5.119799999999999685e+00 1.235800000000000054e+01
4.226200000000000401e+00 8.486100000000000421e+00
5.610400000000000276e+00 1.284099999999999930e+01
2.876900000000000013e+00 9.814999999999999503e+00
2.108900000000000219e+00 7.016799999999999926e+00
3.612499999999999822e+00 7.981900000000000439e+00
6.265200000000000102e+00 1.149900000000000055e+01
7.120300000000000296e+00 1.040399999999999991e+01
4.429400000000000226e+00 1.169200000000000017e+01
4.521700000000000053e+00 9.271100000000000563e+00
8.229100000000000747e+00 1.161599999999999966e+01
1.759500000000000064e+00 7.277899999999999814e+00
5.326200000000000045e+00 1.010800000000000054e+01
5.256099999999999994e+00 8.181599999999999540e+00
7.556000000000000050e+00 1.249399999999999977e+01
-2.139699999999999935e+00 7.225100000000000300e+00
2.813299999999999912e+00 1.019599999999999973e+01
5.813600000000000101e+00 1.127800000000000047e+01
2.002099999999999991e+00 1.089700000000000024e+01
7.113000000000000433e+00 9.663100000000000023e+00
5.943200000000000038e+00 9.744699999999999918e+00
1.667100000000000026e+00 1.179199999999999982e+01
2.326400000000000023e+00 3.479999999999999982e+00
1.129499999999999948e+00 7.469899999999999984e+00
1.048399999999999999e+01 1.062599999999999945e+01
2.168200000000000127e+00 6.971599999999999575e+00
4.611399999999999721e+00 9.723900000000000432e+00
7.335499999999999687e+00 9.426600000000000534e+00
5.775000000000000355e+00 1.195199999999999996e+01
6.141000000000000014e+00 1.308799999999999919e+01
4.702099999999999724e+00 1.095700000000000074e+01
4.738500000000000156e+00 1.132699999999999996e+01
6.105900000000000105e+00 1.033799999999999919e+01
7.983600000000000030e+00 1.111999999999999922e+01
8.883200000000000429e+00 1.204299999999999926e+01
3.156200000000000117e+00 6.417099999999999582e+00
8.760699999999999932e+00 1.394899999999999984e+01
5.184300000000000352e+00 1.452699999999999925e+01
8.165599999999999525e+00 1.236899999999999977e+01
3.706700000000000106e+00 1.283200000000000074e+01
4.788599999999999746e+00 6.658000000000000362e+00
4.325400000000000134e+00 1.294599999999999973e+01
8.737600000000000477e+00 1.124499999999999922e+01
4.987199999999999633e+00 8.342900000000000205e+00
7.038400000000000212e-01 7.834399999999999586e+00
2.529900000000000038e+00 8.358599999999999142e+00
6.909799999999999720e+00 1.051900000000000013e+01
7.433900000000000396e+00 9.436999999999999389e+00
5.024899999999999700e+00 9.557999999999999829e+00
8.889200000000000657e+00 9.923799999999999955e+00
3.650900000000000034e+00 9.720900000000000318e+00
5.803200000000000358e+00 9.126899999999999125e+00
4.210499999999999687e+00 9.095800000000000551e+00
8.340899999999999537e+00 1.067900000000000027e+01
3.601500000000000146e+00 8.880399999999999849e+00
5.941399999999999793e+00 8.697599999999999554e+00
3.785099999999999909e+00 1.024200000000000088e+01
1.002199999999999980e+00 1.010899999999999999e+01
9.512999999999999901e+00 9.596000000000000085e+00
4.195100000000000051e+00 9.379899999999999238e+00
2.502800000000000136e+00 1.161599999999999966e+01
5.882500000000000284e+00 1.055000000000000071e+01
2.758100000000000218e+00 7.172399999999999665e+00
-1.963999999999999968e+00 5.191900000000000404e+00
5.981099999999999639e+00 1.102100000000000080e+01
3.475600000000000023e+00 9.304199999999999804e+00
5.026600000000000179e+00 9.820399999999999352e+00
6.464100000000000179e+00 1.328800000000000026e+01
4.904700000000000060e+00 1.238299999999999912e+01
1.139000000000000012e+00 9.709600000000000009e+00
6.723200000000000287e+00 9.664899999999999380e+00
5.132299999999999862e+00 9.637499999999999289e+00
3.741099999999999870e+00 9.308299999999999130e+00
7.078100000000000058e+00 1.194999999999999929e+01
1.011700000000000088e+01 1.038299999999999912e+01
7.763499999999999623e+00 9.297499999999999432e+00
3.482600000000000140e+00 9.020099999999999341e+00
3.496900000000000119e+00 8.099999999999999645e+00
8.081399999999999695e-01 1.026600000000000001e+01
5.082200000000000273e+00 8.805699999999999861e+00
4.749799999999999578e+00 9.295400000000000773e+00
9.544999999999999929e+00 9.556100000000000705e+00
4.265200000000000102e+00 1.140900000000000070e+01
5.461700000000000443e+00 1.128200000000000003e+01
3.625900000000000123e+00 9.676999999999999602e+00
