7.773437500000000000e+02 1.136718750000000000e+03
7.421875000000000000e+02 1.097656250000000000e+03
7.109375000000000000e+02 1.113281250000000000e+03
7.617187500000000000e+02 1.132812500000000000e+03
7.500000000000000000e+02 1.292968750000000000e+03
7.773437500000000000e+02 1.089843750000000000e+03
6.757812500000000000e+02 1.152343750000000000e+03
7.382812500000000000e+02 1.109375000000000000e+03
7.460937500000000000e+02 1.074218750000000000e+03
7.421875000000000000e+02 1.265625000000000000e+03
7.304687500000000000e+02 1.246093750000000000e+03
7.070312500000000000e+02 1.113281250000000000e+03
6.992187500000000000e+02 1.105468750000000000e+03
7.382812500000000000e+02 1.136718750000000000e+03
6.992187500000000000e+02 1.121093750000000000e+03
7.617187500000000000e+02 1.128906250000000000e+03
7.382812500000000000e+02 1.082031250000000000e+03
7.304687500000000000e+02 1.109375000000000000e+03
7.304687500000000000e+02 1.140625000000000000e+03
7.265625000000000000e+02 1.113281250000000000e+03
7.421875000000000000e+02 1.093750000000000000e+03
7.578125000000000000e+02 1.136718750000000000e+03
7.812500000000000000e+02 1.144531250000000000e+03
7.226562500000000000e+02 1.234375000000000000e+03
6.953125000000000000e+02 1.105468750000000000e+03
7.539062500000000000e+02 1.042968750000000000e+03
7.070312500000000000e+02 1.042968750000000000e+03
7.539062500000000000e+02 1.132812500000000000e+03
7.734375000000000000e+02 1.117187500000000000e+03
7.500000000000000000e+02 1.152343750000000000e+03
6.953125000000000000e+02 1.027343750000000000e+03
7.031250000000000000e+02 1.054687500000000000e+03
7.460937500000000000e+02 1.203125000000000000e+03
7.851562500000000000e+02 1.128906250000000000e+03
7.421875000000000000e+02 1.085937500000000000e+03
7.148437500000000000e+02 1.140625000000000000e+03
7.812500000000000000e+02 1.085937500000000000e+03
6.953125000000000000e+02 1.105468750000000000e+03
7.109375000000000000e+02 1.199218750000000000e+03
6.953125000000000000e+02 1.128906250000000000e+03
7.148437500000000000e+02 1.113281250000000000e+03
6.953125000000000000e+02 1.121093750000000000e+03
8.125000000000000000e+02 1.179687500000000000e+03
7.148437500000000000e+02 1.054687500000000000e+03
7.187500000000000000e+02 1.152343750000000000e+03
7.031250000000000000e+02 1.152343750000000000e+03
7.304687500000000000e+02 1.238281250000000000e+03
7.148437500000000000e+02 1.062500000000000000e+03
7.226562500000000000e+02 1.214843750000000000e+03
7.343750000000000000e+02 1.062500000000000000e+03
7.695312500000000000e+02 1.101562500000000000e+03
7.890625000000000000e+02 1.109375000000000000e+03
7.773437500000000000e+02 1.082031250000000000e+03
7.773437500000000000e+02 1.140625000000000000e+03
7.812500000000000000e+02 1.152343750000000000e+03
7.578125000000000000e+02 1.078125000000000000e+03
7.695312500000000000e+02 1.085937500000000000e+03
3.945312500000000000e+02 7.695312500000000000e+02
6.992187500000000000e+02 1.035156250000000000e+03
7.421875000000000000e+02 1.136718750000000000e+03
7.500000000000000000e+02 1.109375000000000000e+03
7.148437500000000000e+02 1.074218750000000000e+03
6.914062500000000000e+02 1.097656250000000000e+03
6.914062500000000000e+02 1.097656250000000000e+03
7.343750000000000000e+02 1.105468750000000000e+03
6.992187500000000000e+02 1.085937500000000000e+03
7.578125000000000000e+02 1.234375000000000000e+03
7.304687500000000000e+02 1.089843750000000000e+03
7.460937500000000000e+02 1.074218750000000000e+03
3.281250000000000000e+02 7.812500000000000000e+02
7.773437500000000000e+02 1.109375000000000000e+03
7.304687500000000000e+02 1.167968750000000000e+03
7.421875000000000000e+02 1.078125000000000000e+03
7.187500000000000000e+02 1.148437500000000000e+03
7.343750000000000000e+02 1.125000000000000000e+03
7.773437500000000000e+02 1.105468750000000000e+03
1.250000000000000000e+02 8.164062500000000000e+02
7.656250000000000000e+02 1.082031250000000000e+03
7.187500000000000000e+02 1.113281250000000000e+03
7.343750000000000000e+02 1.179687500000000000e+03
7.460937500000000000e+02 1.050781250000000000e+03
7.148437500000000000e+02 1.222656250000000000e+03
7.539062500000000000e+02 1.289062500000000000e+03
1.992187500000000000e+02 9.453125000000000000e+02
8.046875000000000000e+02 1.113281250000000000e+03
7.421875000000000000e+02 1.199218750000000000e+03
7.070312500000000000e+02 1.136718750000000000e+03
6.992187500000000000e+02 1.113281250000000000e+03
7.890625000000000000e+02 1.148437500000000000e+03
7.851562500000000000e+02 1.164062500000000000e+03
7.304687500000000000e+02 1.058593750000000000e+03
7.812500000000000000e+02 1.144531250000000000e+03
7.070312500000000000e+02 1.136718750000000000e+03
7.812500000000000000e+02 1.039062500000000000e+03
7.265625000000000000e+02 1.128906250000000000e+03
7.148437500000000000e+02 1.058593750000000000e+03
7.460937500000000000e+02 1.097656250000000000e+03
7.890625000000000000e+02 1.117187500000000000e+03
6.992187500000000000e+02 1.136718750000000000e+03
7.148437500000000000e+02 1.054687500000000000e+03
7.070312500000000000e+02 1.136718750000000000e+03
7.773437500000000000e+02 1.117187500000000000e+03
7.148437500000000000e+02 1.078125000000000000e+03
7.031250000000000000e+02 1.121093750000000000e+03
6.835937500000000000e+02 1.121093750000000000e+03
7.460937500000000000e+02 1.152343750000000000e+03
7.148437500000000000e+02 1.152343750000000000e+03
7.500000000000000000e+02 1.101562500000000000e+03
7.109375000000000000e+02 1.078125000000000000e+03
7.812500000000000000e+02 1.246093750000000000e+03
7.421875000000000000e+02 1.078125000000000000e+03
7.773437500000000000e+02 1.101562500000000000e+03
6.953125000000000000e+02 1.136718750000000000e+03
7.656250000000000000e+02 1.117187500000000000e+03
6.875000000000000000e+02 1.136718750000000000e+03
6.953125000000000000e+02 1.117187500000000000e+03
7.890625000000000000e+02 1.109375000000000000e+03
7.734375000000000000e+02 1.105468750000000000e+03
7.070312500000000000e+02 1.066406250000000000e+03
7.539062500000000000e+02 1.136718750000000000e+03
7.500000000000000000e+02 1.125000000000000000e+03
7.578125000000000000e+02 1.109375000000000000e+03
6.992187500000000000e+02 1.136718750000000000e+03
7.226562500000000000e+02 1.175781250000000000e+03
7.187500000000000000e+02 1.078125000000000000e+03
7.304687500000000000e+02 1.226562500000000000e+03
7.304687500000000000e+02 1.269531250000000000e+03
6.992187500000000000e+02 1.035156250000000000e+03
7.812500000000000000e+02 1.117187500000000000e+03
7.734375000000000000e+02 1.148437500000000000e+03
6.953125000000000000e+02 1.152343750000000000e+03
6.914062500000000000e+02 1.050781250000000000e+03
7.695312500000000000e+02 1.109375000000000000e+03
7.617187500000000000e+02 1.089843750000000000e+03
6.914062500000000000e+02 1.148437500000000000e+03
7.421875000000000000e+02 1.058593750000000000e+03
2.148437500000000000e+02 1.128906250000000000e+03
7.500000000000000000e+02 1.097656250000000000e+03
7.734375000000000000e+02 1.132812500000000000e+03
7.695312500000000000e+02 1.113281250000000000e+03
7.109375000000000000e+02 1.117187500000000000e+03
7.656250000000000000e+02 1.113281250000000000e+03
6.757812500000000000e+02 1.152343750000000000e+03
6.875000000000000000e+02 1.097656250000000000e+03
7.265625000000000000e+02 1.218750000000000000e+03
7.382812500000000000e+02 1.109375000000000000e+03
7.734375000000000000e+02 1.121093750000000000e+03
7.382812500000000000e+02 1.101562500000000000e+03
7.265625000000000000e+02 1.183593750000000000e+03
7.187500000000000000e+02 1.074218750000000000e+03
7.109375000000000000e+02 1.117187500000000000e+03
7.695312500000000000e+02 1.109375000000000000e+03
7.734375000000000000e+02 1.109375000000000000e+03
6.796875000000000000e+02 1.144531250000000000e+03
7.031250000000000000e+02 1.082031250000000000e+03
7.851562500000000000e+02 1.144531250000000000e+03
7.695312500000000000e+02 1.117187500000000000e+03
7.734375000000000000e+02 1.101562500000000000e+03
7.304687500000000000e+02 1.082031250000000000e+03
6.875000000000000000e+02 1.164062500000000000e+03
6.992187500000000000e+02 1.152343750000000000e+03
7.539062500000000000e+02 1.289062500000000000e+03
7.304687500000000000e+02 1.191406250000000000e+03
7.070312500000000000e+02 1.101562500000000000e+03
7.929687500000000000e+02 1.109375000000000000e+03
7.226562500000000000e+02 1.113281250000000000e+03
7.578125000000000000e+02 1.105468750000000000e+03
7.851562500000000000e+02 1.160156250000000000e+03
7.695312500000000000e+02 1.109375000000000000e+03
5.937500000000000000e+02 1.191406250000000000e+03
7.148437500000000000e+02 1.078125000000000000e+03
7.421875000000000000e+02 1.261718750000000000e+03
7.226562500000000000e+02 1.074218750000000000e+03
6.914062500000000000e+02 1.085937500000000000e+03
7.460937500000000000e+02 1.265625000000000000e+03
7.421875000000000000e+02 1.082031250000000000e+03
7.070312500000000000e+02 1.128906250000000000e+03
7.500000000000000000e+02 1.097656250000000000e+03
7.539062500000000000e+02 1.113281250000000000e+03
2.539062500000000000e+02 7.773437500000000000e+02
7.265625000000000000e+02 1.191406250000000000e+03
7.382812500000000000e+02 1.066406250000000000e+03
7.421875000000000000e+02 1.089843750000000000e+03
7.539062500000000000e+02 1.121093750000000000e+03
6.992187500000000000e+02 1.105468750000000000e+03
7.890625000000000000e+02 1.109375000000000000e+03
7.890625000000000000e+02 1.121093750000000000e+03
7.226562500000000000e+02 1.183593750000000000e+03
6.992187500000000000e+02 1.152343750000000000e+03
7.890625000000000000e+02 1.144531250000000000e+03
7.539062500000000000e+02 1.031250000000000000e+03
7.382812500000000000e+02 1.125000000000000000e+03
7.148437500000000000e+02 1.074218750000000000e+03
7.031250000000000000e+02 1.050781250000000000e+03
7.304687500000000000e+02 1.187500000000000000e+03
7.382812500000000000e+02 1.242187500000000000e+03
7.578125000000000000e+02 1.046875000000000000e+03
7.812500000000000000e+02 1.128906250000000000e+03
7.460937500000000000e+02 1.027343750000000000e+03
7.187500000000000000e+02 1.214843750000000000e+03
7.578125000000000000e+02 1.144531250000000000e+03
7.031250000000000000e+02 1.152343750000000000e+03
7.578125000000000000e+02 1.121093750000000000e+03
8.007812500000000000e+02 1.117187500000000000e+03
8.085937500000000000e+02 1.160156250000000000e+03
7.265625000000000000e+02 1.187500000000000000e+03
7.460937500000000000e+02 1.199218750000000000e+03
7.500000000000000000e+02 1.097656250000000000e+03
7.812500000000000000e+02 1.164062500000000000e+03
7.187500000000000000e+02 1.230468750000000000e+03
6.953125000000000000e+02 1.117187500000000000e+03
7.968750000000000000e+02 1.125000000000000000e+03
7.421875000000000000e+02 1.078125000000000000e+03
7.734375000000000000e+02 1.117187500000000000e+03
6.875000000000000000e+02 1.113281250000000000e+03
7.851562500000000000e+02 1.128906250000000000e+03
6.953125000000000000e+02 1.062500000000000000e+03
7.304687500000000000e+02 1.074218750000000000e+03
7.695312500000000000e+02 1.121093750000000000e+03
7.070312500000000000e+02 1.070312500000000000e+03
7.070312500000000000e+02 1.089843750000000000e+03
6.914062500000000000e+02 1.125000000000000000e+03
7.617187500000000000e+02 1.000000000000000000e+03
7.460937500000000000e+02 1.113281250000000000e+03
7.070312500000000000e+02 1.070312500000000000e+03
6.953125000000000000e+02 1.117187500000000000e+03
7.304687500000000000e+02 1.050781250000000000e+03
7.343750000000000000e+02 1.246093750000000000e+03
7.734375000000000000e+02 1.121093750000000000e+03
7.226562500000000000e+02 1.058593750000000000e+03
7.539062500000000000e+02 1.289062500000000000e+03
7.929687500000000000e+02 1.121093750000000000e+03
6.992187500000000000e+02 1.156250000000000000e+03
7.343750000000000000e+02 1.050781250000000000e+03
7.421875000000000000e+02 1.191406250000000000e+03
7.148437500000000000e+02 1.148437500000000000e+03
7.539062500000000000e+02 1.109375000000000000e+03
7.187500000000000000e+02 1.152343750000000000e+03
7.734375000000000000e+02 1.132812500000000000e+03
6.914062500000000000e+02 1.109375000000000000e+03
7.773437500000000000e+02 1.105468750000000000e+03
7.500000000000000000e+02 1.085937500000000000e+03
7.304687500000000000e+02 1.238281250000000000e+03
7.695312500000000000e+02 1.121093750000000000e+03
7.460937500000000000e+02 1.097656250000000000e+03
7.421875000000000000e+02 1.125000000000000000e+03
7.734375000000000000e+02 1.117187500000000000e+03
7.539062500000000000e+02 1.019531250000000000e+03
6.953125000000000000e+02 1.101562500000000000e+03
7.773437500000000000e+02 1.078125000000000000e+03
7.773437500000000000e+02 1.089843750000000000e+03
7.812500000000000000e+02 1.070312500000000000e+03
7.500000000000000000e+02 1.113281250000000000e+03
7.226562500000000000e+02 1.164062500000000000e+03
7.187500000000000000e+02 1.156250000000000000e+03
7.109375000000000000e+02 1.128906250000000000e+03
8.828125000000000000e+02 1.230468750000000000e+03
6.992187500000000000e+02 1.078125000000000000e+03
7.304687500000000000e+02 1.078125000000000000e+03
7.734375000000000000e+02 1.171875000000000000e+03
6.875000000000000000e+02 1.144531250000000000e+03
7.148437500000000000e+02 1.132812500000000000e+03
7.265625000000000000e+02 1.128906250000000000e+03
7.773437500000000000e+02 1.113281250000000000e+03
7.734375000000000000e+02 1.117187500000000000e+03
7.500000000000000000e+02 1.101562500000000000e+03
7.460937500000000000e+02 1.113281250000000000e+03
7.695312500000000000e+02 1.109375000000000000e+03
7.812500000000000000e+02 1.125000000000000000e+03
7.500000000000000000e+02 1.085937500000000000e+03
6.875000000000000000e+02 1.144531250000000000e+03
6.875000000000000000e+02 1.113281250000000000e+03
7.539062500000000000e+02 1.289062500000000000e+03
7.226562500000000000e+02 1.144531250000000000e+03
7.890625000000000000e+02 1.113281250000000000e+03
7.539062500000000000e+02 1.089843750000000000e+03
3.007812500000000000e+02 9.062500000000000000e+02
6.796875000000000000e+02 1.121093750000000000e+03
7.304687500000000000e+02 1.167968750000000000e+03
7.500000000000000000e+02 1.082031250000000000e+03
7.500000000000000000e+02 1.132812500000000000e+03
7.265625000000000000e+02 1.082031250000000000e+03
7.109375000000000000e+02 1.078125000000000000e+03
7.460937500000000000e+02 1.195312500000000000e+03
7.031250000000000000e+02 1.078125000000000000e+03
7.187500000000000000e+02 1.164062500000000000e+03
7.382812500000000000e+02 1.156250000000000000e+03
7.148437500000000000e+02 1.105468750000000000e+03
7.148437500000000000e+02 1.082031250000000000e+03
7.656250000000000000e+02 1.117187500000000000e+03
2.382812500000000000e+02 1.019531250000000000e+03
7.578125000000000000e+02 1.136718750000000000e+03
7.421875000000000000e+02 1.078125000000000000e+03
7.187500000000000000e+02 1.082031250000000000e+03
7.734375000000000000e+02 1.093750000000000000e+03
7.851562500000000000e+02 1.089843750000000000e+03
7.460937500000000000e+02 1.062500000000000000e+03
7.226562500000000000e+02 1.125000000000000000e+03
7.304687500000000000e+02 1.093750000000000000e+03
7.812500000000000000e+02 1.152343750000000000e+03
7.968750000000000000e+02 1.089843750000000000e+03
7.421875000000000000e+02 1.097656250000000000e+03
7.265625000000000000e+02 1.242187500000000000e+03
7.539062500000000000e+02 1.082031250000000000e+03
7.031250000000000000e+02 1.148437500000000000e+03
7.460937500000000000e+02 1.042968750000000000e+03
7.617187500000000000e+02 1.132812500000000000e+03
7.539062500000000000e+02 1.292968750000000000e+03
7.343750000000000000e+02 1.167968750000000000e+03
7.890625000000000000e+02 1.101562500000000000e+03
7.070312500000000000e+02 1.046875000000000000e+03
7.578125000000000000e+02 1.101562500000000000e+03
7.226562500000000000e+02 1.210937500000000000e+03
7.031250000000000000e+02 1.140625000000000000e+03
7.734375000000000000e+02 1.109375000000000000e+03
7.734375000000000000e+02 1.132812500000000000e+03
7.265625000000000000e+02 1.195312500000000000e+03
7.695312500000000000e+02 1.109375000000000000e+03
4.570312500000000000e+02 8.164062500000000000e+02
7.812500000000000000e+02 1.160156250000000000e+03
7.460937500000000000e+02 1.136718750000000000e+03
7.304687500000000000e+02 1.253906250000000000e+03
7.500000000000000000e+02 1.054687500000000000e+03
6.875000000000000000e+02 1.136718750000000000e+03
6.992187500000000000e+02 1.113281250000000000e+03
7.070312500000000000e+02 1.136718750000000000e+03
7.500000000000000000e+02 1.074218750000000000e+03
7.460937500000000000e+02 1.113281250000000000e+03
7.734375000000000000e+02 1.121093750000000000e+03
7.578125000000000000e+02 1.136718750000000000e+03
6.914062500000000000e+02 1.027343750000000000e+03
6.875000000000000000e+02 1.093750000000000000e+03
7.226562500000000000e+02 1.140625000000000000e+03
7.226562500000000000e+02 1.062500000000000000e+03
7.617187500000000000e+02 1.109375000000000000e+03
8.203125000000000000e+02 1.500000000000000000e+03
7.460937500000000000e+02 1.230468750000000000e+03
7.031250000000000000e+02 1.152343750000000000e+03
7.070312500000000000e+02 1.050781250000000000e+03
7.812500000000000000e+02 1.152343750000000000e+03
7.812500000000000000e+02 1.128906250000000000e+03
7.226562500000000000e+02 1.164062500000000000e+03
7.421875000000000000e+02 1.085937500000000000e+03
7.812500000000000000e+02 1.136718750000000000e+03
7.539062500000000000e+02 1.027343750000000000e+03
7.343750000000000000e+02 1.222656250000000000e+03
7.070312500000000000e+02 1.062500000000000000e+03
6.992187500000000000e+02 1.121093750000000000e+03
7.500000000000000000e+02 1.113281250000000000e+03
7.226562500000000000e+02 1.210937500000000000e+03
7.070312500000000000e+02 1.148437500000000000e+03
1.496093750000000000e+03 1.500000000000000000e+03
7.070312500000000000e+02 1.140625000000000000e+03
7.187500000000000000e+02 1.132812500000000000e+03
7.617187500000000000e+02 1.109375000000000000e+03
8.398437500000000000e+02 1.160156250000000000e+03
7.109375000000000000e+02 1.128906250000000000e+03
7.695312500000000000e+02 1.144531250000000000e+03
7.890625000000000000e+02 1.101562500000000000e+03
7.109375000000000000e+02 9.531250000000000000e+02
7.812500000000000000e+02 1.140625000000000000e+03
7.304687500000000000e+02 1.179687500000000000e+03
7.382812500000000000e+02 1.140625000000000000e+03
7.695312500000000000e+02 1.148437500000000000e+03
7.773437500000000000e+02 1.140625000000000000e+03
7.812500000000000000e+02 1.070312500000000000e+03
6.992187500000000000e+02 1.117187500000000000e+03
7.851562500000000000e+02 1.128906250000000000e+03
7.539062500000000000e+02 1.132812500000000000e+03
7.109375000000000000e+02 1.089843750000000000e+03
7.226562500000000000e+02 1.093750000000000000e+03
7.343750000000000000e+02 1.179687500000000000e+03
7.500000000000000000e+02 1.292968750000000000e+03
6.953125000000000000e+02 1.085937500000000000e+03
6.992187500000000000e+02 1.128906250000000000e+03
7.304687500000000000e+02 1.070312500000000000e+03
7.460937500000000000e+02 1.050781250000000000e+03
7.265625000000000000e+02 1.070312500000000000e+03
7.539062500000000000e+02 1.136718750000000000e+03
7.109375000000000000e+02 1.132812500000000000e+03
6.914062500000000000e+02 1.089843750000000000e+03
7.539062500000000000e+02 1.101562500000000000e+03
1.367187500000000000e+02 8.320312500000000000e+02
7.421875000000000000e+02 1.203125000000000000e+03
7.773437500000000000e+02 1.109375000000000000e+03
7.187500000000000000e+02 1.136718750000000000e+03
6.914062500000000000e+02 1.097656250000000000e+03
7.812500000000000000e+02 1.128906250000000000e+03
7.695312500000000000e+02 1.109375000000000000e+03
7.851562500000000000e+02 1.132812500000000000e+03
7.617187500000000000e+02 1.132812500000000000e+03
7.304687500000000000e+02 1.238281250000000000e+03
7.187500000000000000e+02 1.082031250000000000e+03
7.773437500000000000e+02 1.117187500000000000e+03
7.812500000000000000e+02 1.164062500000000000e+03
6.679687500000000000e+02 1.199218750000000000e+03
6.914062500000000000e+02 1.089843750000000000e+03
7.773437500000000000e+02 1.140625000000000000e+03
7.773437500000000000e+02 1.109375000000000000e+03
7.421875000000000000e+02 1.101562500000000000e+03
3.281250000000000000e+02 7.656250000000000000e+02
7.148437500000000000e+02 1.031250000000000000e+03
7.500000000000000000e+02 1.285156250000000000e+03
7.460937500000000000e+02 1.238281250000000000e+03
7.773437500000000000e+02 1.121093750000000000e+03
7.890625000000000000e+02 1.117187500000000000e+03
7.031250000000000000e+02 1.113281250000000000e+03
3.867187500000000000e+02 7.773437500000000000e+02
7.304687500000000000e+02 1.218750000000000000e+03
7.578125000000000000e+02 1.128906250000000000e+03
7.460937500000000000e+02 1.085937500000000000e+03
7.812500000000000000e+02 1.066406250000000000e+03
6.875000000000000000e+02 1.136718750000000000e+03
7.695312500000000000e+02 1.105468750000000000e+03
7.734375000000000000e+02 1.121093750000000000e+03
6.953125000000000000e+02 1.023437500000000000e+03
7.734375000000000000e+02 1.109375000000000000e+03
7.695312500000000000e+02 1.125000000000000000e+03
7.929687500000000000e+02 1.132812500000000000e+03
7.812500000000000000e+02 1.125000000000000000e+03
6.992187500000000000e+02 1.121093750000000000e+03
6.992187500000000000e+02 1.042968750000000000e+03
7.070312500000000000e+02 1.152343750000000000e+03
7.851562500000000000e+02 1.156250000000000000e+03
7.460937500000000000e+02 1.101562500000000000e+03
7.578125000000000000e+02 1.128906250000000000e+03
7.148437500000000000e+02 1.152343750000000000e+03
7.812500000000000000e+02 1.097656250000000000e+03
7.304687500000000000e+02 1.062500000000000000e+03
7.421875000000000000e+02 1.121093750000000000e+03
7.304687500000000000e+02 1.164062500000000000e+03
7.226562500000000000e+02 1.152343750000000000e+03
7.226562500000000000e+02 1.121093750000000000e+03
7.421875000000000000e+02 1.039062500000000000e+03
8.515625000000000000e+02 1.164062500000000000e+03
7.070312500000000000e+02 1.136718750000000000e+03
6.953125000000000000e+02 1.027343750000000000e+03
6.992187500000000000e+02 1.109375000000000000e+03
7.148437500000000000e+02 1.078125000000000000e+03
7.265625000000000000e+02 1.113281250000000000e+03
7.851562500000000000e+02 1.160156250000000000e+03
7.539062500000000000e+02 1.117187500000000000e+03
7.109375000000000000e+02 1.148437500000000000e+03
7.500000000000000000e+02 1.089843750000000000e+03
7.109375000000000000e+02 1.144531250000000000e+03
7.539062500000000000e+02 1.128906250000000000e+03
7.460937500000000000e+02 1.234375000000000000e+03
7.226562500000000000e+02 1.234375000000000000e+03
7.695312500000000000e+02 1.117187500000000000e+03
8.125000000000000000e+02 1.222656250000000000e+03
7.539062500000000000e+02 1.019531250000000000e+03
7.734375000000000000e+02 1.125000000000000000e+03
7.812500000000000000e+02 1.113281250000000000e+03
7.148437500000000000e+02 1.230468750000000000e+03
7.265625000000000000e+02 1.019531250000000000e+03
7.578125000000000000e+02 1.082031250000000000e+03
7.109375000000000000e+02 1.085937500000000000e+03
7.343750000000000000e+02 1.109375000000000000e+03
7.031250000000000000e+02 1.140625000000000000e+03
7.578125000000000000e+02 1.109375000000000000e+03
7.656250000000000000e+02 1.113281250000000000e+03
7.578125000000000000e+02 1.132812500000000000e+03
7.500000000000000000e+02 1.113281250000000000e+03
7.187500000000000000e+02 1.234375000000000000e+03
7.265625000000000000e+02 1.019531250000000000e+03
7.656250000000000000e+02 1.093750000000000000e+03
7.187500000000000000e+02 1.078125000000000000e+03
6.914062500000000000e+02 1.109375000000000000e+03
7.539062500000000000e+02 1.046875000000000000e+03
7.148437500000000000e+02 1.085937500000000000e+03
7.500000000000000000e+02 1.101562500000000000e+03
7.460937500000000000e+02 1.066406250000000000e+03
7.304687500000000000e+02 1.128906250000000000e+03
7.265625000000000000e+02 1.011718750000000000e+03
5.546875000000000000e+02 1.183593750000000000e+03
7.031250000000000000e+02 1.097656250000000000e+03
6.953125000000000000e+02 1.117187500000000000e+03
7.695312500000000000e+02 1.109375000000000000e+03
7.070312500000000000e+02 1.148437500000000000e+03
7.187500000000000000e+02 1.132812500000000000e+03
7.109375000000000000e+02 1.132812500000000000e+03
7.539062500000000000e+02 1.289062500000000000e+03
7.148437500000000000e+02 1.078125000000000000e+03
6.875000000000000000e+02 1.105468750000000000e+03
7.382812500000000000e+02 1.093750000000000000e+03
7.187500000000000000e+02 1.074218750000000000e+03
7.226562500000000000e+02 1.222656250000000000e+03
7.187500000000000000e+02 1.160156250000000000e+03
7.343750000000000000e+02 1.113281250000000000e+03
6.992187500000000000e+02 1.117187500000000000e+03
7.460937500000000000e+02 1.101562500000000000e+03
7.617187500000000000e+02 1.074218750000000000e+03
7.148437500000000000e+02 1.085937500000000000e+03
3.554687500000000000e+02 7.500000000000000000e+02
7.734375000000000000e+02 1.128906250000000000e+03
7.460937500000000000e+02 1.097656250000000000e+03
7.617187500000000000e+02 1.125000000000000000e+03
7.851562500000000000e+02 1.156250000000000000e+03
7.421875000000000000e+02 1.082031250000000000e+03
7.656250000000000000e+02 1.097656250000000000e+03
7.773437500000000000e+02 1.125000000000000000e+03
7.695312500000000000e+02 1.109375000000000000e+03
7.304687500000000000e+02 1.242187500000000000e+03
7.304687500000000000e+02 1.152343750000000000e+03
7.109375000000000000e+02 1.097656250000000000e+03
9.140625000000000000e+02 1.175781250000000000e+03
7.500000000000000000e+02 1.089843750000000000e+03
6.757812500000000000e+02 1.144531250000000000e+03
7.304687500000000000e+02 1.132812500000000000e+03
7.304687500000000000e+02 1.089843750000000000e+03
7.031250000000000000e+02 1.121093750000000000e+03
7.500000000000000000e+02 1.265625000000000000e+03
7.890625000000000000e+02 1.113281250000000000e+03
7.539062500000000000e+02 1.117187500000000000e+03
7.031250000000000000e+02 1.097656250000000000e+03
7.890625000000000000e+02 1.117187500000000000e+03
7.695312500000000000e+02 1.140625000000000000e+03
7.187500000000000000e+02 1.066406250000000000e+03
7.226562500000000000e+02 1.121093750000000000e+03
7.539062500000000000e+02 1.105468750000000000e+03
8.125000000000000000e+02 1.121093750000000000e+03
7.148437500000000000e+02 1.085937500000000000e+03
6.914062500000000000e+02 1.027343750000000000e+03
7.734375000000000000e+02 1.097656250000000000e+03
7.617187500000000000e+02 1.449218750000000000e+03
7.148437500000000000e+02 1.082031250000000000e+03
7.421875000000000000e+02 1.105468750000000000e+03
7.617187500000000000e+02 1.117187500000000000e+03
7.382812500000000000e+02 1.082031250000000000e+03
6.992187500000000000e+02 1.082031250000000000e+03
7.109375000000000000e+02 1.089843750000000000e+03
7.734375000000000000e+02 1.109375000000000000e+03
7.773437500000000000e+02 1.128906250000000000e+03
7.421875000000000000e+02 1.066406250000000000e+03
7.226562500000000000e+02 1.113281250000000000e+03
6.953125000000000000e+02 1.109375000000000000e+03
7.734375000000000000e+02 1.109375000000000000e+03
7.265625000000000000e+02 1.125000000000000000e+03
7.031250000000000000e+02 1.152343750000000000e+03
7.421875000000000000e+02 1.101562500000000000e+03
8.125000000000000000e+02 1.230468750000000000e+03
6.953125000000000000e+02 1.121093750000000000e+03
6.953125000000000000e+02 1.058593750000000000e+03
8.085937500000000000e+02 1.117187500000000000e+03
6.953125000000000000e+02 1.109375000000000000e+03
6.875000000000000000e+02 1.054687500000000000e+03
1.679687500000000000e+02 9.375000000000000000e+02
7.187500000000000000e+02 1.210937500000000000e+03
7.929687500000000000e+02 1.113281250000000000e+03
7.382812500000000000e+02 1.160156250000000000e+03
7.695312500000000000e+02 1.121093750000000000e+03
7.695312500000000000e+02 1.210937500000000000e+03
7.617187500000000000e+02 1.109375000000000000e+03
7.539062500000000000e+02 1.109375000000000000e+03
7.460937500000000000e+02 1.109375000000000000e+03
6.992187500000000000e+02 1.152343750000000000e+03
7.304687500000000000e+02 1.066406250000000000e+03
7.500000000000000000e+02 1.128906250000000000e+03
6.953125000000000000e+02 1.093750000000000000e+03
7.890625000000000000e+02 1.101562500000000000e+03
7.343750000000000000e+02 1.191406250000000000e+03
7.695312500000000000e+02 1.144531250000000000e+03
7.578125000000000000e+02 1.089843750000000000e+03
7.031250000000000000e+02 1.085937500000000000e+03
7.187500000000000000e+02 1.109375000000000000e+03
7.695312500000000000e+02 1.132812500000000000e+03
7.070312500000000000e+02 1.082031250000000000e+03
6.914062500000000000e+02 1.082031250000000000e+03
7.343750000000000000e+02 1.074218750000000000e+03
7.031250000000000000e+02 1.128906250000000000e+03
6.953125000000000000e+02 1.148437500000000000e+03
6.953125000000000000e+02 1.093750000000000000e+03
7.734375000000000000e+02 1.121093750000000000e+03
7.460937500000000000e+02 1.101562500000000000e+03
6.875000000000000000e+02 1.050781250000000000e+03
7.500000000000000000e+02 1.093750000000000000e+03
7.773437500000000000e+02 1.105468750000000000e+03
7.070312500000000000e+02 1.105468750000000000e+03
7.382812500000000000e+02 1.058593750000000000e+03
7.460937500000000000e+02 1.101562500000000000e+03
8.164062500000000000e+02 1.117187500000000000e+03
6.992187500000000000e+02 1.148437500000000000e+03
7.148437500000000000e+02 1.195312500000000000e+03
6.679687500000000000e+02 1.382812500000000000e+03
8.593750000000000000e+02 1.199218750000000000e+03
7.695312500000000000e+02 1.046875000000000000e+03
7.734375000000000000e+02 1.105468750000000000e+03
6.953125000000000000e+02 1.132812500000000000e+03
7.070312500000000000e+02 1.082031250000000000e+03
6.914062500000000000e+02 1.140625000000000000e+03
7.812500000000000000e+02 1.050781250000000000e+03
7.187500000000000000e+02 1.078125000000000000e+03
7.226562500000000000e+02 1.171875000000000000e+03
7.031250000000000000e+02 1.082031250000000000e+03
7.734375000000000000e+02 1.082031250000000000e+03
7.070312500000000000e+02 1.152343750000000000e+03
7.304687500000000000e+02 1.062500000000000000e+03
7.656250000000000000e+02 1.089843750000000000e+03
7.226562500000000000e+02 1.058593750000000000e+03
7.460937500000000000e+02 1.261718750000000000e+03
7.851562500000000000e+02 1.128906250000000000e+03
6.953125000000000000e+02 1.109375000000000000e+03
7.148437500000000000e+02 1.000000000000000000e+03
7.343750000000000000e+02 1.218750000000000000e+03
2.187500000000000000e+02 7.851562500000000000e+02
7.343750000000000000e+02 1.234375000000000000e+03
7.578125000000000000e+02 1.105468750000000000e+03
7.617187500000000000e+02 1.089843750000000000e+03
7.304687500000000000e+02 1.167968750000000000e+03
7.695312500000000000e+02 1.121093750000000000e+03
7.343750000000000000e+02 1.500000000000000000e+03
7.226562500000000000e+02 1.062500000000000000e+03
7.851562500000000000e+02 1.121093750000000000e+03
7.226562500000000000e+02 1.175781250000000000e+03
7.304687500000000000e+02 1.175781250000000000e+03
7.421875000000000000e+02 1.058593750000000000e+03
7.187500000000000000e+02 1.132812500000000000e+03
7.851562500000000000e+02 1.500000000000000000e+03
6.992187500000000000e+02 1.070312500000000000e+03
6.875000000000000000e+02 1.097656250000000000e+03
3.554687500000000000e+02 7.460937500000000000e+02
3.085937500000000000e+02 7.812500000000000000e+02
7.265625000000000000e+02 1.222656250000000000e+03
7.968750000000000000e+02 1.097656250000000000e+03
6.992187500000000000e+02 1.117187500000000000e+03
7.070312500000000000e+02 1.082031250000000000e+03
7.109375000000000000e+02 1.089843750000000000e+03
7.226562500000000000e+02 1.199218750000000000e+03
7.578125000000000000e+02 1.125000000000000000e+03
7.421875000000000000e+02 1.078125000000000000e+03
7.226562500000000000e+02 1.183593750000000000e+03
7.695312500000000000e+02 1.101562500000000000e+03
7.265625000000000000e+02 1.222656250000000000e+03
1.796875000000000000e+02 9.218750000000000000e+02
7.578125000000000000e+02 1.105468750000000000e+03
7.851562500000000000e+02 1.148437500000000000e+03
7.460937500000000000e+02 1.089843750000000000e+03
7.500000000000000000e+02 1.066406250000000000e+03
7.578125000000000000e+02 1.195312500000000000e+03
7.382812500000000000e+02 1.085937500000000000e+03
7.929687500000000000e+02 1.144531250000000000e+03
4.062500000000000000e+02 8.007812500000000000e+02
7.851562500000000000e+02 1.125000000000000000e+03
7.187500000000000000e+02 1.164062500000000000e+03
7.734375000000000000e+02 1.058593750000000000e+03
7.343750000000000000e+02 1.175781250000000000e+03
7.460937500000000000e+02 1.074218750000000000e+03
7.695312500000000000e+02 1.097656250000000000e+03
7.734375000000000000e+02 1.109375000000000000e+03
7.578125000000000000e+02 1.289062500000000000e+03
7.617187500000000000e+02 1.128906250000000000e+03
7.148437500000000000e+02 1.117187500000000000e+03
7.773437500000000000e+02 1.113281250000000000e+03
8.281250000000000000e+02 1.175781250000000000e+03
7.460937500000000000e+02 1.031250000000000000e+03
6.953125000000000000e+02 1.105468750000000000e+03
7.226562500000000000e+02 1.207031250000000000e+03
7.851562500000000000e+02 1.148437500000000000e+03
6.992187500000000000e+02 1.117187500000000000e+03
7.539062500000000000e+02 1.125000000000000000e+03
7.187500000000000000e+02 1.121093750000000000e+03
7.539062500000000000e+02 1.128906250000000000e+03
7.812500000000000000e+02 1.078125000000000000e+03
7.460937500000000000e+02 1.097656250000000000e+03
7.109375000000000000e+02 1.148437500000000000e+03
7.109375000000000000e+02 1.042968750000000000e+03
7.617187500000000000e+02 1.117187500000000000e+03
7.421875000000000000e+02 1.050781250000000000e+03
3.554687500000000000e+02 7.773437500000000000e+02
7.539062500000000000e+02 1.035156250000000000e+03
7.773437500000000000e+02 1.125000000000000000e+03
7.304687500000000000e+02 1.035156250000000000e+03
7.187500000000000000e+02 1.097656250000000000e+03
7.187500000000000000e+02 1.191406250000000000e+03
7.265625000000000000e+02 1.152343750000000000e+03
7.031250000000000000e+02 1.144531250000000000e+03
7.539062500000000000e+02 1.082031250000000000e+03
7.226562500000000000e+02 1.171875000000000000e+03
6.484375000000000000e+02 1.156250000000000000e+03
6.835937500000000000e+02 1.078125000000000000e+03
7.734375000000000000e+02 1.113281250000000000e+03
7.460937500000000000e+02 1.246093750000000000e+03
7.890625000000000000e+02 1.128906250000000000e+03
7.656250000000000000e+02 1.109375000000000000e+03
7.109375000000000000e+02 1.082031250000000000e+03
7.578125000000000000e+02 1.113281250000000000e+03
7.226562500000000000e+02 1.070312500000000000e+03
7.304687500000000000e+02 1.152343750000000000e+03
7.773437500000000000e+02 1.101562500000000000e+03
7.382812500000000000e+02 1.085937500000000000e+03
1.406250000000000000e+02 9.570312500000000000e+02
7.070312500000000000e+02 1.089843750000000000e+03
7.695312500000000000e+02 1.031250000000000000e+03
7.382812500000000000e+02 1.101562500000000000e+03
7.695312500000000000e+02 1.109375000000000000e+03
7.265625000000000000e+02 1.000000000000000000e+03
7.812500000000000000e+02 1.148437500000000000e+03
7.695312500000000000e+02 1.144531250000000000e+03
7.148437500000000000e+02 1.101562500000000000e+03
7.304687500000000000e+02 1.167968750000000000e+03
7.148437500000000000e+02 1.078125000000000000e+03
7.890625000000000000e+02 1.121093750000000000e+03
6.992187500000000000e+02 1.152343750000000000e+03
2.851562500000000000e+02 8.242187500000000000e+02
7.851562500000000000e+02 1.121093750000000000e+03
7.187500000000000000e+02 1.148437500000000000e+03
7.695312500000000000e+02 1.117187500000000000e+03
7.890625000000000000e+02 1.113281250000000000e+03
7.421875000000000000e+02 1.097656250000000000e+03
7.382812500000000000e+02 1.066406250000000000e+03
7.070312500000000000e+02 1.054687500000000000e+03
6.953125000000000000e+02 1.101562500000000000e+03
7.304687500000000000e+02 1.203125000000000000e+03
7.734375000000000000e+02 1.132812500000000000e+03
7.265625000000000000e+02 1.117187500000000000e+03
6.875000000000000000e+02 1.027343750000000000e+03
7.070312500000000000e+02 1.082031250000000000e+03
7.578125000000000000e+02 1.125000000000000000e+03
7.539062500000000000e+02 1.289062500000000000e+03
7.812500000000000000e+02 1.066406250000000000e+03
6.914062500000000000e+02 1.085937500000000000e+03
7.773437500000000000e+02 1.113281250000000000e+03
7.460937500000000000e+02 1.152343750000000000e+03
7.734375000000000000e+02 1.132812500000000000e+03
7.851562500000000000e+02 1.160156250000000000e+03
7.148437500000000000e+02 1.082031250000000000e+03
7.304687500000000000e+02 1.218750000000000000e+03
7.109375000000000000e+02 1.074218750000000000e+03
7.070312500000000000e+02 1.074218750000000000e+03
8.515625000000000000e+02 1.148437500000000000e+03
7.617187500000000000e+02 1.046875000000000000e+03
7.460937500000000000e+02 1.078125000000000000e+03
7.460937500000000000e+02 1.050781250000000000e+03
6.992187500000000000e+02 1.152343750000000000e+03
6.093750000000000000e+02 1.054687500000000000e+03
7.343750000000000000e+02 1.183593750000000000e+03
7.421875000000000000e+02 1.089843750000000000e+03
7.460937500000000000e+02 1.105468750000000000e+03
6.992187500000000000e+02 1.117187500000000000e+03
7.851562500000000000e+02 1.156250000000000000e+03
6.992187500000000000e+02 1.136718750000000000e+03
7.031250000000000000e+02 1.093750000000000000e+03
7.343750000000000000e+02 1.242187500000000000e+03
7.187500000000000000e+02 1.132812500000000000e+03
7.773437500000000000e+02 1.132812500000000000e+03
7.734375000000000000e+02 1.117187500000000000e+03
7.265625000000000000e+02 1.156250000000000000e+03
7.226562500000000000e+02 1.074218750000000000e+03
7.851562500000000000e+02 1.148437500000000000e+03
7.265625000000000000e+02 1.054687500000000000e+03
7.773437500000000000e+02 1.101562500000000000e+03
7.851562500000000000e+02 1.128906250000000000e+03
7.343750000000000000e+02 1.183593750000000000e+03
3.203125000000000000e+02 7.304687500000000000e+02
6.992187500000000000e+02 1.113281250000000000e+03
7.148437500000000000e+02 1.109375000000000000e+03
7.734375000000000000e+02 1.128906250000000000e+03
7.539062500000000000e+02 1.292968750000000000e+03
7.265625000000000000e+02 1.160156250000000000e+03
8.203125000000000000e+02 1.253906250000000000e+03
7.773437500000000000e+02 1.101562500000000000e+03
7.304687500000000000e+02 1.222656250000000000e+03
6.953125000000000000e+02 1.113281250000000000e+03
7.539062500000000000e+02 1.042968750000000000e+03
7.460937500000000000e+02 1.191406250000000000e+03
3.789062500000000000e+02 7.695312500000000000e+02
7.265625000000000000e+02 1.089843750000000000e+03
7.304687500000000000e+02 1.171875000000000000e+03
7.460937500000000000e+02 1.105468750000000000e+03
7.070312500000000000e+02 1.152343750000000000e+03
7.421875000000000000e+02 1.078125000000000000e+03
7.031250000000000000e+02 1.085937500000000000e+03
6.914062500000000000e+02 1.023437500000000000e+03
7.109375000000000000e+02 1.136718750000000000e+03
7.539062500000000000e+02 1.128906250000000000e+03
6.992187500000000000e+02 1.132812500000000000e+03
7.500000000000000000e+02 1.281250000000000000e+03
6.914062500000000000e+02 1.089843750000000000e+03
7.187500000000000000e+02 1.066406250000000000e+03
7.226562500000000000e+02 1.214843750000000000e+03
7.265625000000000000e+02 1.199218750000000000e+03
7.851562500000000000e+02 1.175781250000000000e+03
7.187500000000000000e+02 1.164062500000000000e+03
6.953125000000000000e+02 1.105468750000000000e+03
7.304687500000000000e+02 1.207031250000000000e+03
7.460937500000000000e+02 1.078125000000000000e+03
8.046875000000000000e+02 1.089843750000000000e+03
7.539062500000000000e+02 1.101562500000000000e+03
8.007812500000000000e+02 1.046875000000000000e+03
6.757812500000000000e+02 1.183593750000000000e+03
7.734375000000000000e+02 1.117187500000000000e+03
7.304687500000000000e+02 1.085937500000000000e+03
7.773437500000000000e+02 1.113281250000000000e+03
7.695312500000000000e+02 1.105468750000000000e+03
7.187500000000000000e+02 1.046875000000000000e+03
7.500000000000000000e+02 1.121093750000000000e+03
6.835937500000000000e+02 1.062500000000000000e+03
7.265625000000000000e+02 1.152343750000000000e+03
7.226562500000000000e+02 1.074218750000000000e+03
8.945312500000000000e+02 1.164062500000000000e+03
7.539062500000000000e+02 1.289062500000000000e+03
6.835937500000000000e+02 9.960937500000000000e+02
6.992187500000000000e+02 1.085937500000000000e+03
7.187500000000000000e+02 1.117187500000000000e+03
6.953125000000000000e+02 1.085937500000000000e+03
7.343750000000000000e+02 1.171875000000000000e+03
6.992187500000000000e+02 1.117187500000000000e+03
7.421875000000000000e+02 1.085937500000000000e+03
7.226562500000000000e+02 1.203125000000000000e+03
7.500000000000000000e+02 1.113281250000000000e+03
7.890625000000000000e+02 1.113281250000000000e+03
7.382812500000000000e+02 1.078125000000000000e+03
7.265625000000000000e+02 1.035156250000000000e+03
7.851562500000000000e+02 1.171875000000000000e+03
7.382812500000000000e+02 1.117187500000000000e+03
7.070312500000000000e+02 1.050781250000000000e+03
7.773437500000000000e+02 1.121093750000000000e+03
6.835937500000000000e+02 1.140625000000000000e+03
7.187500000000000000e+02 1.136718750000000000e+03
7.734375000000000000e+02 1.132812500000000000e+03
7.695312500000000000e+02 1.101562500000000000e+03
7.460937500000000000e+02 1.089843750000000000e+03
7.265625000000000000e+02 1.152343750000000000e+03
7.382812500000000000e+02 1.085937500000000000e+03
6.953125000000000000e+02 1.113281250000000000e+03
7.265625000000000000e+02 1.148437500000000000e+03
7.109375000000000000e+02 1.156250000000000000e+03
7.460937500000000000e+02 1.074218750000000000e+03
7.773437500000000000e+02 1.085937500000000000e+03
7.382812500000000000e+02 1.156250000000000000e+03
6.835937500000000000e+02 1.113281250000000000e+03
7.617187500000000000e+02 1.117187500000000000e+03
7.382812500000000000e+02 1.082031250000000000e+03
1.050781250000000000e+03 1.441406250000000000e+03
7.539062500000000000e+02 1.117187500000000000e+03
7.695312500000000000e+02 1.105468750000000000e+03
7.812500000000000000e+02 1.171875000000000000e+03
7.226562500000000000e+02 1.121093750000000000e+03
7.812500000000000000e+02 1.128906250000000000e+03
7.109375000000000000e+02 1.074218750000000000e+03
6.953125000000000000e+02 1.066406250000000000e+03
7.539062500000000000e+02 1.289062500000000000e+03
7.109375000000000000e+02 1.027343750000000000e+03
7.695312500000000000e+02 1.117187500000000000e+03
7.343750000000000000e+02 1.121093750000000000e+03
6.914062500000000000e+02 1.101562500000000000e+03
7.812500000000000000e+02 1.167968750000000000e+03
6.757812500000000000e+02 1.113281250000000000e+03
7.851562500000000000e+02 1.105468750000000000e+03
7.460937500000000000e+02 1.050781250000000000e+03
7.539062500000000000e+02 1.289062500000000000e+03
7.070312500000000000e+02 1.121093750000000000e+03
7.109375000000000000e+02 1.132812500000000000e+03
7.773437500000000000e+02 1.054687500000000000e+03
7.187500000000000000e+02 1.070312500000000000e+03
7.187500000000000000e+02 1.066406250000000000e+03
7.421875000000000000e+02 1.101562500000000000e+03
7.070312500000000000e+02 1.132812500000000000e+03
7.031250000000000000e+02 1.035156250000000000e+03
7.500000000000000000e+02 1.292968750000000000e+03
6.992187500000000000e+02 1.117187500000000000e+03
7.265625000000000000e+02 1.156250000000000000e+03
7.773437500000000000e+02 1.109375000000000000e+03
7.500000000000000000e+02 1.070312500000000000e+03
7.851562500000000000e+02 1.156250000000000000e+03
6.914062500000000000e+02 1.078125000000000000e+03
7.343750000000000000e+02 1.089843750000000000e+03
7.265625000000000000e+02 1.113281250000000000e+03
7.031250000000000000e+02 1.148437500000000000e+03
7.812500000000000000e+02 1.109375000000000000e+03
7.929687500000000000e+02 1.121093750000000000e+03
7.578125000000000000e+02 1.105468750000000000e+03
7.265625000000000000e+02 1.226562500000000000e+03
7.539062500000000000e+02 1.093750000000000000e+03
7.460937500000000000e+02 1.250000000000000000e+03
7.421875000000000000e+02 1.105468750000000000e+03
7.812500000000000000e+02 1.425781250000000000e+03
7.187500000000000000e+02 1.109375000000000000e+03
7.500000000000000000e+02 1.121093750000000000e+03
7.695312500000000000e+02 1.109375000000000000e+03
6.953125000000000000e+02 1.113281250000000000e+03
7.734375000000000000e+02 1.109375000000000000e+03
7.031250000000000000e+02 1.039062500000000000e+03
7.187500000000000000e+02 1.085937500000000000e+03
7.851562500000000000e+02 1.148437500000000000e+03
7.500000000000000000e+02 1.101562500000000000e+03
3.554687500000000000e+02 8.125000000000000000e+02
7.070312500000000000e+02 1.085937500000000000e+03
7.109375000000000000e+02 1.152343750000000000e+03
7.734375000000000000e+02 1.019531250000000000e+03
7.773437500000000000e+02 1.105468750000000000e+03
6.953125000000000000e+02 1.367187500000000000e+03
7.265625000000000000e+02 1.109375000000000000e+03
7.695312500000000000e+02 1.089843750000000000e+03
7.226562500000000000e+02 1.226562500000000000e+03
7.109375000000000000e+02 1.089843750000000000e+03
7.226562500000000000e+02 1.164062500000000000e+03
6.914062500000000000e+02 1.093750000000000000e+03
7.187500000000000000e+02 1.078125000000000000e+03
7.851562500000000000e+02 1.125000000000000000e+03
7.578125000000000000e+02 1.011718750000000000e+03
7.773437500000000000e+02 1.105468750000000000e+03
7.070312500000000000e+02 1.136718750000000000e+03
7.421875000000000000e+02 1.105468750000000000e+03
7.304687500000000000e+02 1.132812500000000000e+03
7.460937500000000000e+02 1.144531250000000000e+03
7.500000000000000000e+02 1.109375000000000000e+03
3.476562500000000000e+02 7.734375000000000000e+02
7.343750000000000000e+02 1.152343750000000000e+03
7.109375000000000000e+02 1.089843750000000000e+03
7.109375000000000000e+02 1.085937500000000000e+03
7.421875000000000000e+02 1.082031250000000000e+03
7.070312500000000000e+02 1.132812500000000000e+03
7.851562500000000000e+02 1.156250000000000000e+03
7.890625000000000000e+02 1.066406250000000000e+03
6.914062500000000000e+02 1.148437500000000000e+03
8.007812500000000000e+02 1.296875000000000000e+03
7.500000000000000000e+02 1.277343750000000000e+03
7.460937500000000000e+02 1.101562500000000000e+03
6.875000000000000000e+02 1.367187500000000000e+03
7.539062500000000000e+02 1.093750000000000000e+03
7.500000000000000000e+02 1.058593750000000000e+03
7.578125000000000000e+02 1.132812500000000000e+03
7.226562500000000000e+02 1.121093750000000000e+03
6.914062500000000000e+02 1.109375000000000000e+03
7.109375000000000000e+02 1.128906250000000000e+03
7.656250000000000000e+02 1.082031250000000000e+03
7.070312500000000000e+02 1.113281250000000000e+03
7.421875000000000000e+02 1.105468750000000000e+03
6.914062500000000000e+02 1.089843750000000000e+03
7.812500000000000000e+02 1.156250000000000000e+03
7.500000000000000000e+02 1.125000000000000000e+03
7.460937500000000000e+02 1.257812500000000000e+03
7.851562500000000000e+02 1.152343750000000000e+03
7.031250000000000000e+02 1.050781250000000000e+03
7.031250000000000000e+02 1.144531250000000000e+03
7.460937500000000000e+02 1.101562500000000000e+03
7.578125000000000000e+02 1.105468750000000000e+03
7.539062500000000000e+02 1.128906250000000000e+03
7.070312500000000000e+02 1.121093750000000000e+03
7.851562500000000000e+02 1.148437500000000000e+03
7.890625000000000000e+02 1.105468750000000000e+03
7.734375000000000000e+02 1.113281250000000000e+03
7.304687500000000000e+02 1.089843750000000000e+03
7.460937500000000000e+02 1.089843750000000000e+03
7.578125000000000000e+02 1.085937500000000000e+03
7.421875000000000000e+02 1.109375000000000000e+03
7.382812500000000000e+02 1.085937500000000000e+03
8.359375000000000000e+02 1.289062500000000000e+03
7.734375000000000000e+02 1.101562500000000000e+03
7.773437500000000000e+02 1.117187500000000000e+03
7.500000000000000000e+02 1.257812500000000000e+03
7.460937500000000000e+02 1.160156250000000000e+03
7.343750000000000000e+02 1.183593750000000000e+03
3.593750000000000000e+02 7.578125000000000000e+02
7.812500000000000000e+02 1.101562500000000000e+03
7.070312500000000000e+02 1.078125000000000000e+03
7.773437500000000000e+02 1.113281250000000000e+03
7.539062500000000000e+02 1.101562500000000000e+03
7.617187500000000000e+02 1.089843750000000000e+03
7.031250000000000000e+02 1.148437500000000000e+03
7.968750000000000000e+02 1.125000000000000000e+03
6.992187500000000000e+02 1.148437500000000000e+03
7.226562500000000000e+02 1.113281250000000000e+03
7.734375000000000000e+02 1.109375000000000000e+03
7.460937500000000000e+02 1.082031250000000000e+03
7.421875000000000000e+02 1.101562500000000000e+03
7.070312500000000000e+02 1.105468750000000000e+03
7.851562500000000000e+02 1.160156250000000000e+03
7.695312500000000000e+02 1.109375000000000000e+03
7.148437500000000000e+02 1.078125000000000000e+03
7.890625000000000000e+02 1.140625000000000000e+03
7.460937500000000000e+02 1.226562500000000000e+03
7.304687500000000000e+02 1.156250000000000000e+03
4.687500000000000000e+02 1.007812500000000000e+03
6.992187500000000000e+02 1.136718750000000000e+03
7.343750000000000000e+02 1.183593750000000000e+03
7.500000000000000000e+02 1.101562500000000000e+03
7.265625000000000000e+02 1.019531250000000000e+03
7.734375000000000000e+02 1.109375000000000000e+03
7.265625000000000000e+02 1.156250000000000000e+03
7.695312500000000000e+02 1.109375000000000000e+03
7.304687500000000000e+02 1.218750000000000000e+03
7.578125000000000000e+02 1.093750000000000000e+03
7.070312500000000000e+02 1.082031250000000000e+03
7.382812500000000000e+02 1.070312500000000000e+03
7.968750000000000000e+02 1.125000000000000000e+03
7.812500000000000000e+02 1.152343750000000000e+03
6.835937500000000000e+02 1.136718750000000000e+03
7.070312500000000000e+02 1.070312500000000000e+03
7.109375000000000000e+02 1.160156250000000000e+03
7.343750000000000000e+02 1.093750000000000000e+03
7.890625000000000000e+02 1.117187500000000000e+03
3.320312500000000000e+02 8.320312500000000000e+02
7.148437500000000000e+02 1.082031250000000000e+03
7.695312500000000000e+02 1.109375000000000000e+03
7.148437500000000000e+02 1.082031250000000000e+03
7.617187500000000000e+02 1.144531250000000000e+03
7.773437500000000000e+02 1.144531250000000000e+03
7.304687500000000000e+02 1.085937500000000000e+03
7.460937500000000000e+02 1.070312500000000000e+03
7.304687500000000000e+02 1.183593750000000000e+03
7.617187500000000000e+02 1.500000000000000000e+03
7.695312500000000000e+02 1.109375000000000000e+03
7.148437500000000000e+02 1.074218750000000000e+03
7.890625000000000000e+02 1.113281250000000000e+03
7.812500000000000000e+02 1.152343750000000000e+03
7.187500000000000000e+02 1.117187500000000000e+03
7.734375000000000000e+02 1.109375000000000000e+03
6.914062500000000000e+02 1.113281250000000000e+03
7.304687500000000000e+02 1.203125000000000000e+03
7.109375000000000000e+02 1.144531250000000000e+03
7.226562500000000000e+02 1.031250000000000000e+03
4.804687500000000000e+02 1.210937500000000000e+03
7.578125000000000000e+02 1.101562500000000000e+03
7.539062500000000000e+02 1.105468750000000000e+03
7.890625000000000000e+02 1.160156250000000000e+03
8.046875000000000000e+02 1.261718750000000000e+03
6.796875000000000000e+02 1.058593750000000000e+03
7.187500000000000000e+02 1.167968750000000000e+03
7.812500000000000000e+02 1.156250000000000000e+03
7.695312500000000000e+02 1.109375000000000000e+03
6.679687500000000000e+02 1.210937500000000000e+03
7.812500000000000000e+02 1.156250000000000000e+03
8.437500000000000000e+02 1.203125000000000000e+03
7.148437500000000000e+02 1.066406250000000000e+03
3.281250000000000000e+02 7.578125000000000000e+02
7.539062500000000000e+02 1.113281250000000000e+03
7.382812500000000000e+02 1.253906250000000000e+03
7.070312500000000000e+02 1.046875000000000000e+03
7.500000000000000000e+02 1.113281250000000000e+03
7.773437500000000000e+02 1.109375000000000000e+03
8.515625000000000000e+02 1.179687500000000000e+03
7.539062500000000000e+02 1.285156250000000000e+03
6.914062500000000000e+02 1.121093750000000000e+03
7.070312500000000000e+02 1.070312500000000000e+03
7.500000000000000000e+02 1.046875000000000000e+03
7.265625000000000000e+02 1.152343750000000000e+03
6.992187500000000000e+02 1.144531250000000000e+03
7.304687500000000000e+02 1.167968750000000000e+03
7.187500000000000000e+02 1.160156250000000000e+03
7.773437500000000000e+02 1.101562500000000000e+03
7.695312500000000000e+02 1.109375000000000000e+03
6.953125000000000000e+02 1.105468750000000000e+03
7.500000000000000000e+02 1.035156250000000000e+03
7.617187500000000000e+02 1.089843750000000000e+03
7.070312500000000000e+02 1.085937500000000000e+03
6.953125000000000000e+02 1.113281250000000000e+03
7.890625000000000000e+02 1.109375000000000000e+03
7.265625000000000000e+02 1.226562500000000000e+03
7.031250000000000000e+02 1.148437500000000000e+03
6.953125000000000000e+02 1.453125000000000000e+03
7.500000000000000000e+02 1.097656250000000000e+03
7.500000000000000000e+02 1.121093750000000000e+03
8.046875000000000000e+02 1.125000000000000000e+03
6.992187500000000000e+02 1.152343750000000000e+03
6.953125000000000000e+02 1.039062500000000000e+03
7.851562500000000000e+02 1.167968750000000000e+03
7.031250000000000000e+02 1.136718750000000000e+03
7.148437500000000000e+02 1.125000000000000000e+03
6.953125000000000000e+02 1.109375000000000000e+03
7.382812500000000000e+02 1.062500000000000000e+03
7.539062500000000000e+02 1.125000000000000000e+03
7.187500000000000000e+02 1.152343750000000000e+03
6.914062500000000000e+02 1.152343750000000000e+03
7.773437500000000000e+02 1.078125000000000000e+03
6.914062500000000000e+02 1.140625000000000000e+03
7.500000000000000000e+02 1.078125000000000000e+03
8.828125000000000000e+02 1.210937500000000000e+03
3.867187500000000000e+02 7.734375000000000000e+02
6.992187500000000000e+02 1.128906250000000000e+03
6.953125000000000000e+02 1.109375000000000000e+03
7.656250000000000000e+02 1.121093750000000000e+03
7.265625000000000000e+02 1.074218750000000000e+03
7.773437500000000000e+02 1.117187500000000000e+03
7.031250000000000000e+02 1.121093750000000000e+03
7.148437500000000000e+02 1.132812500000000000e+03
6.875000000000000000e+02 1.109375000000000000e+03
7.187500000000000000e+02 1.070312500000000000e+03
6.796875000000000000e+02 1.140625000000000000e+03
7.734375000000000000e+02 1.128906250000000000e+03
7.148437500000000000e+02 1.164062500000000000e+03
7.734375000000000000e+02 1.109375000000000000e+03
6.992187500000000000e+02 1.109375000000000000e+03
7.460937500000000000e+02 1.101562500000000000e+03
7.031250000000000000e+02 1.042968750000000000e+03
7.460937500000000000e+02 1.046875000000000000e+03
7.031250000000000000e+02 1.148437500000000000e+03
7.343750000000000000e+02 1.066406250000000000e+03
7.656250000000000000e+02 1.109375000000000000e+03
7.304687500000000000e+02 1.214843750000000000e+03
6.992187500000000000e+02 1.222656250000000000e+03
7.382812500000000000e+02 1.097656250000000000e+03
7.734375000000000000e+02 1.109375000000000000e+03
8.437500000000000000e+02 1.160156250000000000e+03
7.343750000000000000e+02 1.089843750000000000e+03
7.695312500000000000e+02 1.101562500000000000e+03
7.851562500000000000e+02 1.156250000000000000e+03
6.914062500000000000e+02 1.105468750000000000e+03
7.500000000000000000e+02 1.285156250000000000e+03
7.539062500000000000e+02 1.285156250000000000e+03
7.890625000000000000e+02 1.140625000000000000e+03
7.460937500000000000e+02 1.101562500000000000e+03
6.992187500000000000e+02 1.148437500000000000e+03
7.812500000000000000e+02 1.117187500000000000e+03
7.734375000000000000e+02 1.117187500000000000e+03
7.812500000000000000e+02 1.160156250000000000e+03
7.421875000000000000e+02 1.101562500000000000e+03
6.914062500000000000e+02 1.109375000000000000e+03
7.031250000000000000e+02 1.152343750000000000e+03
8.437500000000000000e+02 1.207031250000000000e+03
7.265625000000000000e+02 1.128906250000000000e+03
7.460937500000000000e+02 1.105468750000000000e+03
7.265625000000000000e+02 1.152343750000000000e+03
7.578125000000000000e+02 1.019531250000000000e+03
7.695312500000000000e+02 1.117187500000000000e+03
7.187500000000000000e+02 1.132812500000000000e+03
7.578125000000000000e+02 1.117187500000000000e+03
7.226562500000000000e+02 1.109375000000000000e+03
7.695312500000000000e+02 1.117187500000000000e+03
7.968750000000000000e+02 1.113281250000000000e+03
7.304687500000000000e+02 1.238281250000000000e+03
7.539062500000000000e+02 1.148437500000000000e+03
7.500000000000000000e+02 1.144531250000000000e+03
3.476562500000000000e+02 7.539062500000000000e+02
6.953125000000000000e+02 1.101562500000000000e+03
7.031250000000000000e+02 1.152343750000000000e+03
7.890625000000000000e+02 1.144531250000000000e+03
7.695312500000000000e+02 1.125000000000000000e+03
7.734375000000000000e+02 1.117187500000000000e+03
7.265625000000000000e+02 1.050781250000000000e+03
7.929687500000000000e+02 1.117187500000000000e+03
7.500000000000000000e+02 1.082031250000000000e+03
7.695312500000000000e+02 1.136718750000000000e+03
7.695312500000000000e+02 1.109375000000000000e+03
7.500000000000000000e+02 1.035156250000000000e+03
7.382812500000000000e+02 1.125000000000000000e+03
7.343750000000000000e+02 1.226562500000000000e+03
7.890625000000000000e+02 1.140625000000000000e+03
7.656250000000000000e+02 1.042968750000000000e+03
8.046875000000000000e+02 1.167968750000000000e+03
7.070312500000000000e+02 1.128906250000000000e+03
7.578125000000000000e+02 1.039062500000000000e+03
7.851562500000000000e+02 1.167968750000000000e+03
7.343750000000000000e+02 1.089843750000000000e+03
1.640625000000000000e+02 7.695312500000000000e+02
7.265625000000000000e+02 1.214843750000000000e+03
3.906250000000000000e+00 1.500000000000000000e+03
6.992187500000000000e+02 1.152343750000000000e+03
7.421875000000000000e+02 1.191406250000000000e+03
7.187500000000000000e+02 1.140625000000000000e+03
7.343750000000000000e+02 1.082031250000000000e+03
7.812500000000000000e+02 1.125000000000000000e+03
5.351562500000000000e+02 1.105468750000000000e+03
7.812500000000000000e+02 1.117187500000000000e+03
6.992187500000000000e+02 1.117187500000000000e+03
7.304687500000000000e+02 1.113281250000000000e+03
7.226562500000000000e+02 1.230468750000000000e+03
7.695312500000000000e+02 1.113281250000000000e+03
7.460937500000000000e+02 1.140625000000000000e+03
7.265625000000000000e+02 1.156250000000000000e+03
7.148437500000000000e+02 1.132812500000000000e+03
7.539062500000000000e+02 1.117187500000000000e+03
7.656250000000000000e+02 1.089843750000000000e+03
7.187500000000000000e+02 1.078125000000000000e+03
6.914062500000000000e+02 1.101562500000000000e+03
7.539062500000000000e+02 1.089843750000000000e+03
7.500000000000000000e+02 1.093750000000000000e+03
7.109375000000000000e+02 1.085937500000000000e+03
7.109375000000000000e+02 1.074218750000000000e+03
7.226562500000000000e+02 1.035156250000000000e+03
7.734375000000000000e+02 1.128906250000000000e+03
7.695312500000000000e+02 1.105468750000000000e+03
7.734375000000000000e+02 1.132812500000000000e+03
7.773437500000000000e+02 1.105468750000000000e+03
7.617187500000000000e+02 1.121093750000000000e+03
7.304687500000000000e+02 1.097656250000000000e+03
7.617187500000000000e+02 1.242187500000000000e+03
3.515625000000000000e+02 7.500000000000000000e+02
4.140625000000000000e+02 9.921875000000000000e+02
7.265625000000000000e+02 1.078125000000000000e+03
6.835937500000000000e+02 1.121093750000000000e+03
7.500000000000000000e+02 1.121093750000000000e+03
7.578125000000000000e+02 1.117187500000000000e+03
7.500000000000000000e+02 1.101562500000000000e+03
7.812500000000000000e+02 1.160156250000000000e+03
7.265625000000000000e+02 1.121093750000000000e+03
7.773437500000000000e+02 1.148437500000000000e+03
6.914062500000000000e+02 1.113281250000000000e+03
7.148437500000000000e+02 1.218750000000000000e+03
6.953125000000000000e+02 1.152343750000000000e+03
7.070312500000000000e+02 1.046875000000000000e+03
6.953125000000000000e+02 1.019531250000000000e+03
7.226562500000000000e+02 1.070312500000000000e+03
7.890625000000000000e+02 1.089843750000000000e+03
6.562500000000000000e+02 1.171875000000000000e+03
7.148437500000000000e+02 1.167968750000000000e+03
7.304687500000000000e+02 1.085937500000000000e+03
7.734375000000000000e+02 1.132812500000000000e+03
7.656250000000000000e+02 1.109375000000000000e+03
7.031250000000000000e+02 1.113281250000000000e+03
7.734375000000000000e+02 1.136718750000000000e+03
7.539062500000000000e+02 1.093750000000000000e+03
7.265625000000000000e+02 1.093750000000000000e+03
7.812500000000000000e+02 1.148437500000000000e+03
7.656250000000000000e+02 1.082031250000000000e+03
7.734375000000000000e+02 1.109375000000000000e+03
7.500000000000000000e+02 1.085937500000000000e+03
7.773437500000000000e+02 1.101562500000000000e+03
7.148437500000000000e+02 1.132812500000000000e+03
6.914062500000000000e+02 1.105468750000000000e+03
7.773437500000000000e+02 1.089843750000000000e+03
7.265625000000000000e+02 1.117187500000000000e+03
7.773437500000000000e+02 1.121093750000000000e+03
7.500000000000000000e+02 1.093750000000000000e+03
7.109375000000000000e+02 1.074218750000000000e+03
7.382812500000000000e+02 1.089843750000000000e+03
7.812500000000000000e+02 1.152343750000000000e+03
7.031250000000000000e+02 1.082031250000000000e+03
7.773437500000000000e+02 1.121093750000000000e+03
7.031250000000000000e+02 1.039062500000000000e+03
7.109375000000000000e+02 1.074218750000000000e+03
7.578125000000000000e+02 1.140625000000000000e+03
7.539062500000000000e+02 1.089843750000000000e+03
6.992187500000000000e+02 1.136718750000000000e+03
7.773437500000000000e+02 1.113281250000000000e+03
7.031250000000000000e+02 1.058593750000000000e+03
7.265625000000000000e+02 1.078125000000000000e+03
6.992187500000000000e+02 1.105468750000000000e+03
6.914062500000000000e+02 1.046875000000000000e+03
7.421875000000000000e+02 1.109375000000000000e+03
7.226562500000000000e+02 1.082031250000000000e+03
6.914062500000000000e+02 1.117187500000000000e+03
6.953125000000000000e+02 1.093750000000000000e+03
7.695312500000000000e+02 1.066406250000000000e+03
3.593750000000000000e+02 7.617187500000000000e+02
3.437500000000000000e+02 7.500000000000000000e+02
7.421875000000000000e+02 1.078125000000000000e+03
7.460937500000000000e+02 1.070312500000000000e+03
7.265625000000000000e+02 1.117187500000000000e+03
7.812500000000000000e+02 1.148437500000000000e+03
7.070312500000000000e+02 1.046875000000000000e+03
8.203125000000000000e+02 1.195312500000000000e+03
7.578125000000000000e+02 1.101562500000000000e+03
7.187500000000000000e+02 1.066406250000000000e+03
7.734375000000000000e+02 1.113281250000000000e+03
7.343750000000000000e+02 1.128906250000000000e+03
7.226562500000000000e+02 1.093750000000000000e+03
7.265625000000000000e+02 1.074218750000000000e+03
7.734375000000000000e+02 1.117187500000000000e+03
7.539062500000000000e+02 1.093750000000000000e+03
7.890625000000000000e+02 1.105468750000000000e+03
8.007812500000000000e+02 1.187500000000000000e+03
7.109375000000000000e+02 1.113281250000000000e+03
7.851562500000000000e+02 1.156250000000000000e+03
7.578125000000000000e+02 1.101562500000000000e+03
7.031250000000000000e+02 1.117187500000000000e+03
7.656250000000000000e+02 1.144531250000000000e+03
7.031250000000000000e+02 1.175781250000000000e+03
7.148437500000000000e+02 1.085937500000000000e+03
7.382812500000000000e+02 1.093750000000000000e+03
6.953125000000000000e+02 1.085937500000000000e+03
6.875000000000000000e+02 1.105468750000000000e+03
6.992187500000000000e+02 1.117187500000000000e+03
7.539062500000000000e+02 1.171875000000000000e+03
7.734375000000000000e+02 1.062500000000000000e+03
7.500000000000000000e+02 1.097656250000000000e+03
7.109375000000000000e+02 1.140625000000000000e+03
7.851562500000000000e+02 1.062500000000000000e+03
7.226562500000000000e+02 1.164062500000000000e+03
7.695312500000000000e+02 1.105468750000000000e+03
7.382812500000000000e+02 1.089843750000000000e+03
7.539062500000000000e+02 1.074218750000000000e+03
8.007812500000000000e+02 1.121093750000000000e+03
7.148437500000000000e+02 1.078125000000000000e+03
8.593750000000000000e+02 1.042968750000000000e+03
7.265625000000000000e+02 1.117187500000000000e+03
7.265625000000000000e+02 1.070312500000000000e+03
6.953125000000000000e+02 1.113281250000000000e+03
7.460937500000000000e+02 1.140625000000000000e+03
6.992187500000000000e+02 1.148437500000000000e+03
7.031250000000000000e+02 1.152343750000000000e+03
6.914062500000000000e+02 1.109375000000000000e+03
7.304687500000000000e+02 1.089843750000000000e+03
7.031250000000000000e+02 1.132812500000000000e+03
7.734375000000000000e+02 1.105468750000000000e+03
7.421875000000000000e+02 1.101562500000000000e+03
6.992187500000000000e+02 1.113281250000000000e+03
7.695312500000000000e+02 1.113281250000000000e+03
7.304687500000000000e+02 1.183593750000000000e+03
7.031250000000000000e+02 1.113281250000000000e+03
7.343750000000000000e+02 1.230468750000000000e+03
7.304687500000000000e+02 1.199218750000000000e+03
7.890625000000000000e+02 1.132812500000000000e+03
6.953125000000000000e+02 1.128906250000000000e+03
7.500000000000000000e+02 1.117187500000000000e+03
7.695312500000000000e+02 1.085937500000000000e+03
6.835937500000000000e+02 1.125000000000000000e+03
7.695312500000000000e+02 1.113281250000000000e+03
6.992187500000000000e+02 1.082031250000000000e+03
6.914062500000000000e+02 1.093750000000000000e+03
7.382812500000000000e+02 1.101562500000000000e+03
1.484375000000000000e+02 9.375000000000000000e+02
7.070312500000000000e+02 1.097656250000000000e+03
7.539062500000000000e+02 1.261718750000000000e+03
7.421875000000000000e+02 1.078125000000000000e+03
7.460937500000000000e+02 1.105468750000000000e+03
7.929687500000000000e+02 1.121093750000000000e+03
7.265625000000000000e+02 1.070312500000000000e+03
8.867187500000000000e+02 1.164062500000000000e+03
7.460937500000000000e+02 1.097656250000000000e+03
3.437500000000000000e+02 7.304687500000000000e+02
6.914062500000000000e+02 1.058593750000000000e+03
7.148437500000000000e+02 1.085937500000000000e+03
7.695312500000000000e+02 1.097656250000000000e+03
7.734375000000000000e+02 1.117187500000000000e+03
7.695312500000000000e+02 1.078125000000000000e+03
7.460937500000000000e+02 1.242187500000000000e+03
7.890625000000000000e+02 1.125000000000000000e+03
7.890625000000000000e+02 1.171875000000000000e+03
6.914062500000000000e+02 1.093750000000000000e+03
7.070312500000000000e+02 1.039062500000000000e+03
6.914062500000000000e+02 1.113281250000000000e+03
7.539062500000000000e+02 1.121093750000000000e+03
7.500000000000000000e+02 1.269531250000000000e+03
7.070312500000000000e+02 1.152343750000000000e+03
7.265625000000000000e+02 1.230468750000000000e+03
7.148437500000000000e+02 1.089843750000000000e+03
7.617187500000000000e+02 1.121093750000000000e+03
7.187500000000000000e+02 1.140625000000000000e+03
7.382812500000000000e+02 1.050781250000000000e+03
7.421875000000000000e+02 1.105468750000000000e+03
7.109375000000000000e+02 1.085937500000000000e+03
7.187500000000000000e+02 1.113281250000000000e+03
6.953125000000000000e+02 1.152343750000000000e+03
6.953125000000000000e+02 1.167968750000000000e+03
7.812500000000000000e+02 1.121093750000000000e+03
7.500000000000000000e+02 1.109375000000000000e+03
7.304687500000000000e+02 1.214843750000000000e+03
7.148437500000000000e+02 1.078125000000000000e+03
7.421875000000000000e+02 1.222656250000000000e+03
6.992187500000000000e+02 1.125000000000000000e+03
7.773437500000000000e+02 1.132812500000000000e+03
7.460937500000000000e+02 1.093750000000000000e+03
7.539062500000000000e+02 1.281250000000000000e+03
7.500000000000000000e+02 1.093750000000000000e+03
7.187500000000000000e+02 1.062500000000000000e+03
7.070312500000000000e+02 1.132812500000000000e+03
7.070312500000000000e+02 1.058593750000000000e+03
7.734375000000000000e+02 1.144531250000000000e+03
7.500000000000000000e+02 1.121093750000000000e+03
7.968750000000000000e+02 1.058593750000000000e+03
9.179687500000000000e+02 1.500000000000000000e+03
7.265625000000000000e+02 1.023437500000000000e+03
7.695312500000000000e+02 1.109375000000000000e+03
7.812500000000000000e+02 1.148437500000000000e+03
6.953125000000000000e+02 1.066406250000000000e+03
7.773437500000000000e+02 1.097656250000000000e+03
7.890625000000000000e+02 1.128906250000000000e+03
7.539062500000000000e+02 1.292968750000000000e+03
7.226562500000000000e+02 1.070312500000000000e+03
7.109375000000000000e+02 1.121093750000000000e+03
7.890625000000000000e+02 1.089843750000000000e+03
7.656250000000000000e+02 1.097656250000000000e+03
7.500000000000000000e+02 1.097656250000000000e+03
7.265625000000000000e+02 1.113281250000000000e+03
6.914062500000000000e+02 1.082031250000000000e+03
6.914062500000000000e+02 1.140625000000000000e+03
7.460937500000000000e+02 1.105468750000000000e+03
7.343750000000000000e+02 1.062500000000000000e+03
7.460937500000000000e+02 1.101562500000000000e+03
7.226562500000000000e+02 1.136718750000000000e+03
6.875000000000000000e+02 1.019531250000000000e+03
7.695312500000000000e+02 1.128906250000000000e+03
7.695312500000000000e+02 1.082031250000000000e+03
7.421875000000000000e+02 1.105468750000000000e+03
7.734375000000000000e+02 1.109375000000000000e+03
7.304687500000000000e+02 1.066406250000000000e+03
7.578125000000000000e+02 1.101562500000000000e+03
7.265625000000000000e+02 1.222656250000000000e+03
7.500000000000000000e+02 1.101562500000000000e+03
7.343750000000000000e+02 1.195312500000000000e+03
7.500000000000000000e+02 1.117187500000000000e+03
7.656250000000000000e+02 1.109375000000000000e+03
7.695312500000000000e+02 1.105468750000000000e+03
7.460937500000000000e+02 1.085937500000000000e+03
7.968750000000000000e+02 1.058593750000000000e+03
7.343750000000000000e+02 1.234375000000000000e+03
7.226562500000000000e+02 1.089843750000000000e+03
7.695312500000000000e+02 1.109375000000000000e+03
7.226562500000000000e+02 1.085937500000000000e+03
6.953125000000000000e+02 1.148437500000000000e+03
7.031250000000000000e+02 1.148437500000000000e+03
7.148437500000000000e+02 1.078125000000000000e+03
7.421875000000000000e+02 1.097656250000000000e+03
7.109375000000000000e+02 1.121093750000000000e+03
7.734375000000000000e+02 1.117187500000000000e+03
7.539062500000000000e+02 1.101562500000000000e+03
7.304687500000000000e+02 1.214843750000000000e+03
6.640625000000000000e+02 1.156250000000000000e+03
7.539062500000000000e+02 1.285156250000000000e+03
7.031250000000000000e+02 1.109375000000000000e+03
7.187500000000000000e+02 1.230468750000000000e+03
7.070312500000000000e+02 1.050781250000000000e+03
7.460937500000000000e+02 1.199218750000000000e+03
7.421875000000000000e+02 1.101562500000000000e+03
6.914062500000000000e+02 1.089843750000000000e+03
7.578125000000000000e+02 1.031250000000000000e+03
7.539062500000000000e+02 1.132812500000000000e+03
6.914062500000000000e+02 1.132812500000000000e+03
7.421875000000000000e+02 1.105468750000000000e+03
7.109375000000000000e+02 1.117187500000000000e+03
7.304687500000000000e+02 1.109375000000000000e+03
6.953125000000000000e+02 1.148437500000000000e+03
7.187500000000000000e+02 1.089843750000000000e+03
7.460937500000000000e+02 1.179687500000000000e+03
7.382812500000000000e+02 1.058593750000000000e+03
7.343750000000000000e+02 1.125000000000000000e+03
7.343750000000000000e+02 1.152343750000000000e+03
7.656250000000000000e+02 1.101562500000000000e+03
4.609375000000000000e+02 9.960937500000000000e+02
7.773437500000000000e+02 1.156250000000000000e+03
7.617187500000000000e+02 9.921875000000000000e+02
7.539062500000000000e+02 1.269531250000000000e+03
3.593750000000000000e+02 7.773437500000000000e+02
7.265625000000000000e+02 1.035156250000000000e+03
7.421875000000000000e+02 1.214843750000000000e+03
7.734375000000000000e+02 1.121093750000000000e+03
7.265625000000000000e+02 1.226562500000000000e+03
7.304687500000000000e+02 1.085937500000000000e+03
6.992187500000000000e+02 1.152343750000000000e+03
7.265625000000000000e+02 1.101562500000000000e+03
7.421875000000000000e+02 1.191406250000000000e+03
7.851562500000000000e+02 1.152343750000000000e+03
7.148437500000000000e+02 1.195312500000000000e+03
6.992187500000000000e+02 1.066406250000000000e+03
7.343750000000000000e+02 1.109375000000000000e+03
7.656250000000000000e+02 1.117187500000000000e+03
7.890625000000000000e+02 1.121093750000000000e+03
7.109375000000000000e+02 1.117187500000000000e+03
7.890625000000000000e+02 1.144531250000000000e+03
7.734375000000000000e+02 1.160156250000000000e+03
7.343750000000000000e+02 1.160156250000000000e+03
7.890625000000000000e+02 1.140625000000000000e+03
6.914062500000000000e+02 1.101562500000000000e+03
6.914062500000000000e+02 1.082031250000000000e+03
6.914062500000000000e+02 1.039062500000000000e+03
7.070312500000000000e+02 1.062500000000000000e+03
7.695312500000000000e+02 1.105468750000000000e+03
7.421875000000000000e+02 1.113281250000000000e+03
7.070312500000000000e+02 1.148437500000000000e+03
7.812500000000000000e+02 1.144531250000000000e+03
7.539062500000000000e+02 1.031250000000000000e+03
7.695312500000000000e+02 1.125000000000000000e+03
7.890625000000000000e+02 1.117187500000000000e+03
7.500000000000000000e+02 1.109375000000000000e+03
7.421875000000000000e+02 1.105468750000000000e+03
6.328125000000000000e+02 1.152343750000000000e+03
7.539062500000000000e+02 1.042968750000000000e+03
7.187500000000000000e+02 1.222656250000000000e+03
7.773437500000000000e+02 1.082031250000000000e+03
7.773437500000000000e+02 1.113281250000000000e+03
7.539062500000000000e+02 1.121093750000000000e+03
7.773437500000000000e+02 1.105468750000000000e+03
7.812500000000000000e+02 1.152343750000000000e+03
6.875000000000000000e+02 1.070312500000000000e+03
7.148437500000000000e+02 1.066406250000000000e+03
7.617187500000000000e+02 1.101562500000000000e+03
7.421875000000000000e+02 1.082031250000000000e+03
7.500000000000000000e+02 1.109375000000000000e+03
7.343750000000000000e+02 1.113281250000000000e+03
6.914062500000000000e+02 1.144531250000000000e+03
8.046875000000000000e+02 1.117187500000000000e+03
7.578125000000000000e+02 1.289062500000000000e+03
7.070312500000000000e+02 1.128906250000000000e+03
7.187500000000000000e+02 1.078125000000000000e+03
7.734375000000000000e+02 1.117187500000000000e+03
7.109375000000000000e+02 1.132812500000000000e+03
1.027343750000000000e+03 1.500000000000000000e+03
7.578125000000000000e+02 1.082031250000000000e+03
7.343750000000000000e+02 1.171875000000000000e+03
7.734375000000000000e+02 1.109375000000000000e+03
6.875000000000000000e+02 1.082031250000000000e+03
7.304687500000000000e+02 1.035156250000000000e+03
7.812500000000000000e+02 1.160156250000000000e+03
7.734375000000000000e+02 1.140625000000000000e+03
6.875000000000000000e+02 1.027343750000000000e+03
6.875000000000000000e+02 1.058593750000000000e+03
7.695312500000000000e+02 1.109375000000000000e+03
7.734375000000000000e+02 1.125000000000000000e+03
7.226562500000000000e+02 1.136718750000000000e+03
7.500000000000000000e+02 1.261718750000000000e+03
7.851562500000000000e+02 1.128906250000000000e+03
7.773437500000000000e+02 1.105468750000000000e+03
7.304687500000000000e+02 1.144531250000000000e+03
7.695312500000000000e+02 1.113281250000000000e+03
7.695312500000000000e+02 1.117187500000000000e+03
8.085937500000000000e+02 1.167968750000000000e+03
7.734375000000000000e+02 1.109375000000000000e+03
7.500000000000000000e+02 1.109375000000000000e+03
7.031250000000000000e+02 1.121093750000000000e+03
7.070312500000000000e+02 1.148437500000000000e+03
6.992187500000000000e+02 1.140625000000000000e+03
7.617187500000000000e+02 1.121093750000000000e+03
7.773437500000000000e+02 1.105468750000000000e+03
7.109375000000000000e+02 1.078125000000000000e+03
7.070312500000000000e+02 1.039062500000000000e+03
7.343750000000000000e+02 1.003906250000000000e+03
7.851562500000000000e+02 1.128906250000000000e+03
7.578125000000000000e+02 1.019531250000000000e+03
5.195312500000000000e+02 8.750000000000000000e+02
7.617187500000000000e+02 1.125000000000000000e+03
7.500000000000000000e+02 1.109375000000000000e+03
7.382812500000000000e+02 1.160156250000000000e+03
7.226562500000000000e+02 1.175781250000000000e+03
7.382812500000000000e+02 1.085937500000000000e+03
6.953125000000000000e+02 1.148437500000000000e+03
7.421875000000000000e+02 1.097656250000000000e+03
6.875000000000000000e+02 1.148437500000000000e+03
7.656250000000000000e+02 1.128906250000000000e+03
7.460937500000000000e+02 1.074218750000000000e+03
7.382812500000000000e+02 1.113281250000000000e+03
7.812500000000000000e+02 1.160156250000000000e+03
7.031250000000000000e+02 1.125000000000000000e+03
7.109375000000000000e+02 1.152343750000000000e+03
7.031250000000000000e+02 1.113281250000000000e+03
7.773437500000000000e+02 1.101562500000000000e+03
7.656250000000000000e+02 1.121093750000000000e+03
7.773437500000000000e+02 1.414062500000000000e+03
7.734375000000000000e+02 1.105468750000000000e+03
7.617187500000000000e+02 1.117187500000000000e+03
7.695312500000000000e+02 1.109375000000000000e+03
7.734375000000000000e+02 1.128906250000000000e+03
8.320312500000000000e+02 1.296875000000000000e+03
7.773437500000000000e+02 1.113281250000000000e+03
7.109375000000000000e+02 1.226562500000000000e+03
6.953125000000000000e+02 1.148437500000000000e+03
6.992187500000000000e+02 1.082031250000000000e+03
7.929687500000000000e+02 1.128906250000000000e+03
7.851562500000000000e+02 1.152343750000000000e+03
6.953125000000000000e+02 1.089843750000000000e+03
7.500000000000000000e+02 1.097656250000000000e+03
7.382812500000000000e+02 1.113281250000000000e+03
7.070312500000000000e+02 1.046875000000000000e+03
7.500000000000000000e+02 1.128906250000000000e+03
7.421875000000000000e+02 1.105468750000000000e+03
7.421875000000000000e+02 1.273437500000000000e+03
6.992187500000000000e+02 1.039062500000000000e+03
6.914062500000000000e+02 1.093750000000000000e+03
7.460937500000000000e+02 1.238281250000000000e+03
7.031250000000000000e+02 1.125000000000000000e+03
7.031250000000000000e+02 1.140625000000000000e+03
7.187500000000000000e+02 1.144531250000000000e+03
6.953125000000000000e+02 1.140625000000000000e+03
7.187500000000000000e+02 1.085937500000000000e+03
7.265625000000000000e+02 1.109375000000000000e+03
6.992187500000000000e+02 1.109375000000000000e+03
6.953125000000000000e+02 1.082031250000000000e+03
8.046875000000000000e+02 1.113281250000000000e+03
7.226562500000000000e+02 1.031250000000000000e+03
6.562500000000000000e+02 1.183593750000000000e+03
7.656250000000000000e+02 1.109375000000000000e+03
5.625000000000000000e+02 1.109375000000000000e+03
7.109375000000000000e+02 1.082031250000000000e+03
7.148437500000000000e+02 1.179687500000000000e+03
6.914062500000000000e+02 1.085937500000000000e+03
7.226562500000000000e+02 1.144531250000000000e+03
7.109375000000000000e+02 1.113281250000000000e+03
7.695312500000000000e+02 1.101562500000000000e+03
6.953125000000000000e+02 1.152343750000000000e+03
7.421875000000000000e+02 1.097656250000000000e+03
7.460937500000000000e+02 1.148437500000000000e+03
7.226562500000000000e+02 1.191406250000000000e+03
7.500000000000000000e+02 1.042968750000000000e+03
7.578125000000000000e+02 1.183593750000000000e+03
6.914062500000000000e+02 1.027343750000000000e+03
7.226562500000000000e+02 1.160156250000000000e+03
7.734375000000000000e+02 1.121093750000000000e+03
7.500000000000000000e+02 1.054687500000000000e+03
7.851562500000000000e+02 1.152343750000000000e+03
3.437500000000000000e+02 7.812500000000000000e+02
7.304687500000000000e+02 1.156250000000000000e+03
7.382812500000000000e+02 1.082031250000000000e+03
7.578125000000000000e+02 1.234375000000000000e+03
7.851562500000000000e+02 1.117187500000000000e+03
7.187500000000000000e+02 1.089843750000000000e+03
7.109375000000000000e+02 1.078125000000000000e+03
7.031250000000000000e+02 1.125000000000000000e+03
7.148437500000000000e+02 1.078125000000000000e+03
6.953125000000000000e+02 1.097656250000000000e+03
3.398437500000000000e+02 7.421875000000000000e+02
7.226562500000000000e+02 1.066406250000000000e+03
7.109375000000000000e+02 1.187500000000000000e+03
6.835937500000000000e+02 1.195312500000000000e+03
6.992187500000000000e+02 1.121093750000000000e+03
7.382812500000000000e+02 1.058593750000000000e+03
7.070312500000000000e+02 1.148437500000000000e+03
7.500000000000000000e+02 1.093750000000000000e+03
7.460937500000000000e+02 1.097656250000000000e+03
7.773437500000000000e+02 1.148437500000000000e+03
7.382812500000000000e+02 1.097656250000000000e+03
7.812500000000000000e+02 1.117187500000000000e+03
7.734375000000000000e+02 1.117187500000000000e+03
7.500000000000000000e+02 1.273437500000000000e+03
7.773437500000000000e+02 1.121093750000000000e+03
7.265625000000000000e+02 1.140625000000000000e+03
7.148437500000000000e+02 1.187500000000000000e+03
7.265625000000000000e+02 1.132812500000000000e+03
7.148437500000000000e+02 1.007812500000000000e+03
7.500000000000000000e+02 1.101562500000000000e+03
7.304687500000000000e+02 1.167968750000000000e+03
7.929687500000000000e+02 1.144531250000000000e+03
7.617187500000000000e+02 1.113281250000000000e+03
7.148437500000000000e+02 1.132812500000000000e+03
7.500000000000000000e+02 1.125000000000000000e+03
7.656250000000000000e+02 1.085937500000000000e+03
7.382812500000000000e+02 1.234375000000000000e+03
7.304687500000000000e+02 1.093750000000000000e+03
7.304687500000000000e+02 1.238281250000000000e+03
7.109375000000000000e+02 1.128906250000000000e+03
7.109375000000000000e+02 1.066406250000000000e+03
7.226562500000000000e+02 1.117187500000000000e+03
7.109375000000000000e+02 1.070312500000000000e+03
